,0,1,2,3,4,5,6,7,8,9,10,11,12,13,14,15,16,17,18,19,20,21,22,23,24,25,26
7030,de Bordeaux / Marie-Anne,45.53340913,-73.57065707,0,0,0,0,0,0,0,0,0,0,0,0,0,0,0,0,0,0,0,0,0,0,0,0
6141,de Bordeaux / Rachel,45.532270000000004,-73.56828,0,0,0,0,0,0,0,0,0,0,0,0,0,0,0,0,0,0,0,0,0,0,0,0
6100,Mackay / de Maisonneuve,45.496590000000005,-73.57851,0,0,0,0,0,0,0,0,0,0,0,0,0,0,0,0,0,0,0,0,0,0,0,0
6064,Métro Peel (de Maisonneuve / Stanley),45.50038,-73.57507,0,0,0,0,0,0,0,0,0,0,0,0,0,0,0,0,0,0,0,0,0,0,0,0
6730,35e avenue / Beaubien,45.570081,-73.573047,0,0,0,0,0,0,0,0,0,0,0,1,0,0,2,0,0,0,1,0,0,1,0,0
6396,Métro Pie-IX (Pierre-de-Coubertin / Pie-IX),45.55421376,-73.55155975,0,0,0,0,0,0,9,8,4,0,0,1,0,0,0,0,0,1,0,0,1,0,0,0
6108,Logan / Fullum,45.52844869,-73.551085,0,0,0,0,0,0,0,0,0,0,0,0,0,0,0,0,0,0,0,0,0,0,0,0
6114,Métro Papineau (Cartier / Ste-Catherine),45.52353,-73.55199,0,0,0,0,0,0,0,0,0,0,0,0,0,0,0,0,0,0,0,0,0,0,0,0
6223,du Mont-Royal / du Parc,45.516999999999996,-73.589,0,0,0,0,0,0,0,0,0,0,0,0,0,0,0,0,0,0,0,0,0,0,0,0
6233,Bernard / Jeanne-Mance,45.52428648,-73.60497326,0,0,0,0,0,0,0,0,0,0,0,0,0,0,0,0,0,0,0,0,0,0,0,0
6043,Square Victoria (Viger / du Square-Victoria),45.50206,-73.56295,0,0,0,0,0,0,0,0,1,0,0,0,0,0,0,0,0,0,0,0,0,0,0,0
6041,St-Jacques / Gauvin,45.500674,-73.561082,0,0,0,0,0,0,0,0,0,0,0,0,0,0,0,0,0,0,0,0,0,0,0,0
6397,Marché Maisonneuve,45.55321884,-73.53978217,0,0,0,0,0,0,0,0,0,0,0,0,0,0,0,0,0,0,0,0,0,0,0,0
6007,de l'Hôtel-de-Ville / Ste-Catherine,45.51167258,-73.56204182,0,0,0,0,0,0,0,0,0,0,0,0,0,0,0,0,0,0,0,0,0,0,0,0
6073,de Maisonneuve / Aylmer,45.50501,-73.57069,0,0,0,0,0,0,0,0,0,0,0,0,0,0,0,0,0,0,0,0,0,0,0,0
6027,de Maisonneuve / Mansfield (ouest),45.50205386,-73.57346535,0,0,0,0,0,0,0,0,0,0,0,0,0,0,0,0,0,0,0,0,0,0,0,0
6107,St-Mathieu /Ste-Catherine,45.493718,-73.57918599999999,0,0,0,0,0,0,0,0,0,0,0,0,0,0,0,0,0,0,0,0,0,0,0,0
6137,Gauthier / Papineau,45.529692600000004,-73.56740087,0,0,0,0,0,0,0,0,0,0,0,0,0,0,0,0,0,0,0,0,0,0,0,0
6138,Gauthier / de Lorimier,45.53167355,-73.56541336,0,0,0,0,0,0,0,0,0,0,0,0,0,0,0,0,0,0,0,0,0,0,0,0
6095,Chomedey / de Maisonneuve,45.49180028,-73.58400643,0,0,0,0,0,0,0,0,0,0,0,0,0,0,0,0,0,0,0,0,0,0,0,0
6005,de la Cathédrale / René-Lévesque,45.49923715,-73.56944203,0,0,0,0,0,0,0,0,0,0,0,0,0,0,0,0,0,0,0,0,0,0,0,0
6072,Metcalfe / de Maisonneuve,45.50171495,-73.57413054,0,0,0,0,0,0,0,0,0,0,0,0,0,0,0,0,0,0,0,0,0,0,0,0
6012,Métro St-Laurent (de Maisonneuve / St-Laurent),45.510659999999994,-73.56497,0,0,0,0,0,0,0,0,0,0,0,0,0,0,0,0,0,0,0,0,0,0,0,0
6710,Georges-Baril / Fleury,45.55837563,-73.65884408,0,0,0,0,0,0,0,0,0,0,0,0,0,0,0,0,0,0,0,0,0,0,0,0
7005,Marquette / Fleury,45.56735206,-73.65378745,0,0,0,0,0,0,0,0,0,0,0,0,0,0,0,0,0,0,0,0,0,0,0,0
6191,St-Zotique / Clark,45.531401,-73.612674,0,0,0,0,0,0,0,0,0,0,0,0,0,0,0,0,0,0,0,0,0,0,0,0
6262,de la Roche /  de Bellechasse,45.53715923,-73.59747648,0,0,0,0,0,0,0,0,0,0,0,0,0,0,0,1,0,6,1,0,0,0,0,0
6061,McGill College / Ste-Catherine,45.50192926,-73.57145101,0,0,0,0,0,0,0,0,0,0,0,0,0,0,0,0,0,0,0,0,0,0,0,0
4000,Jeanne-d'Arc / Ontario,45.54945734,-73.54164898,0,0,0,0,0,0,0,0,0,0,0,0,0,0,0,0,0,0,0,0,0,0,0,0
6700,de la Salle / Ste-Catherine,45.54996329,-73.53443384,0,0,0,0,0,0,0,0,0,0,0,0,0,0,0,0,0,0,0,0,0,0,1,0
7083,Parc de Bullion (de Bullion / Prince-Arthur),45.51560426,-73.57213497,0,0,0,0,0,0,0,0,0,0,0,0,0,0,0,0,0,0,0,0,0,0,0,0
7043,Ernest-Gendreau / du Mont-Royal,45.54971373,-73.56384829,0,0,0,0,0,0,0,0,0,0,0,0,0,0,0,0,0,0,0,0,0,0,0,0
6361,Molson / Beaubien,45.5496859,-73.59115452,0,0,0,0,0,0,0,0,0,0,0,0,0,1,0,0,0,0,0,0,0,0,0,0
6278,Louis-Hébert / St-Zotique,45.55001,-73.59576,0,0,0,0,0,0,0,0,0,0,0,0,0,0,0,0,0,0,0,0,0,0,0,0
6248,St-Dominique / Rachel,45.518593,-73.58156600000001,0,0,0,0,0,0,0,0,0,0,0,0,0,0,0,0,0,1,0,0,0,0,0,0
6184,Métro Mont-Royal (Rivard / du Mont-Royal),45.524673,-73.58255,0,0,0,0,0,0,0,0,0,0,0,0,0,0,0,0,0,0,0,0,0,0,0,0
7019,Casgrain / St-Viateur,45.52751293,-73.59879076,0,0,0,0,0,0,0,0,0,0,0,0,0,0,0,0,0,0,0,0,0,0,0,0
7026,Maguire / Henri-Julien,45.527041100000005,-73.59347057,0,0,0,0,0,0,0,0,0,0,0,0,0,0,0,0,0,0,0,0,0,0,0,0
6218,Prince-Arthur / St-Urbain,45.5125874,-73.57373893,0,0,0,0,0,0,0,0,0,0,0,0,0,0,0,0,0,0,0,0,0,0,0,0
6015,BAnQ (Berri / de Maisonneuve),45.515299,-73.561273,0,0,0,0,0,0,0,0,0,0,0,0,0,0,0,0,0,0,0,0,0,0,0,0
6152,Chabot / du Mont-Royal,45.53418509,-73.57358873,0,0,0,0,0,0,0,0,0,1,0,0,0,0,0,0,0,0,0,0,0,0,0,0
6197,de Bordeaux / Masson,45.5389844,-73.58244538,0,0,0,0,0,0,0,0,0,0,0,0,0,0,0,0,0,0,0,0,0,0,0,0
6335,du Rosaire / St-Hubert,45.54467,-73.621581,0,0,0,0,0,0,0,0,0,0,0,0,0,0,0,0,0,0,0,0,0,1,0,0
6261,Louis Hémon / Rosemont,45.54459856,-73.58822286,0,0,0,0,0,0,0,0,0,0,0,0,1,0,0,0,0,0,0,0,0,0,0,0
6254,Boyer / Bélanger,45.54006,-73.60897,0,0,0,0,0,0,0,0,0,0,0,0,0,0,0,0,0,0,0,0,0,0,0,0
6280,Fairmount / St-Dominique,45.52450499,-73.5941425,0,0,0,0,0,0,0,0,0,0,0,0,1,0,0,0,0,0,0,0,0,0,0,0
6227,de l'Esplanade / Laurier,45.52111622,-73.59478354,0,0,0,0,0,0,0,0,0,0,0,0,0,0,0,0,0,0,0,0,0,0,0,0
6060,Stanley / du Docteur-Penfield,45.50252519,-73.58033717,0,0,0,0,0,0,0,0,0,0,0,0,0,0,0,0,0,0,0,0,0,0,0,0
6159,Ann / William,45.49589439,-73.56009722,0,0,0,0,0,0,0,0,0,0,0,0,0,0,0,0,0,0,0,0,0,0,0,0
6748,Young / Wellington,45.49282531,-73.55797827,0,0,0,0,0,0,0,0,0,0,0,0,0,0,0,0,0,0,0,0,0,0,0,0
6129,de Bordeaux / Sherbrooke,45.52997069,-73.56305301,0,0,0,0,0,0,0,0,0,0,0,0,0,0,0,0,0,0,0,1,0,0,0,0
6106,Papineau / René-Lévesque,45.52114,-73.54926,0,0,0,0,0,0,0,0,0,0,0,0,0,0,0,0,0,0,0,0,0,0,0,0
6147,Calixa-Lavallée / Sherbrooke,45.52479,-73.56545,0,0,0,0,0,0,0,0,0,0,0,0,0,0,0,0,0,0,0,0,0,0,0,0
6154,Marquette / du Mont-Royal,45.53229,-73.57544,0,0,0,0,0,0,0,0,0,0,0,1,0,0,0,0,0,0,0,0,0,0,0,0
6364,de Chambly / Rachel,45.54991069,-73.55826259,0,0,0,0,0,0,0,0,0,0,0,0,0,0,0,0,0,0,0,0,0,0,0,0
6163,Marquette / Laurier,45.53543,-73.5822,0,0,0,0,0,0,0,0,0,0,0,0,0,0,0,0,0,0,0,0,0,0,0,0
6272,de Bordeaux / St-Zotique,45.54653901,-73.5986647,0,0,0,0,0,0,0,0,0,0,0,0,0,0,0,0,0,0,1,0,0,0,0,0
6267,Chabot / Beaubien,45.54437555,-73.59564453,0,0,0,0,0,0,0,0,0,0,0,0,0,0,0,0,0,0,0,0,0,0,0,0
6411,Clark / Prince-Arthur,45.51330257,-73.57296109,0,0,0,0,0,0,0,0,0,0,0,0,0,0,0,0,0,0,0,0,0,0,0,0
6153,Cartier / Marie-Anne,45.532674,-73.571776,0,0,0,0,0,0,0,0,0,0,0,0,0,0,0,0,0,0,0,0,0,0,0,0
6089,Henri-Julien / du Carmel,45.52783941,-73.59482109999999,0,0,0,0,0,0,0,0,0,0,0,0,0,0,0,0,0,0,0,0,0,0,0,0
7062,William / Robert-Bourassa,45.49716534,-73.55933011,0,0,0,0,0,0,0,0,0,0,0,0,0,0,0,0,0,0,0,0,0,0,0,0
6087,Notre-Dame / de la Montagne,45.49302901,-73.56481791,0,0,0,0,0,0,0,0,0,0,0,0,0,0,0,0,0,0,0,0,0,0,0,0
6720,Ontario / Viau,45.5594818,-73.535496,0,0,0,0,0,0,0,0,0,0,0,2,0,0,0,0,0,0,0,0,0,0,0,0
6209,Milton / Clark,45.51254135,-73.57067719,0,0,0,0,0,0,0,0,0,0,0,0,0,0,0,0,0,0,0,0,0,0,0,0
6070,Milton / University,45.5064484,-73.57634872,0,0,0,0,0,0,11,2,0,0,0,0,0,0,0,0,0,0,0,0,0,0,0,0
6062,Drummond / Ste-Catherine,45.4986393,-73.57422709,0,0,0,0,0,0,0,0,0,0,0,0,0,0,0,0,0,0,0,0,0,0,0,0
6031,St-Antoine / St-François-Xavier,45.50454229,-73.55916381,0,0,0,0,0,0,0,0,0,0,0,0,0,0,0,0,0,0,0,0,0,0,0,0
6200,Maguire / St-Laurent,45.52462849,-73.59581083,0,0,0,0,0,0,0,0,0,0,0,0,0,0,0,0,0,0,0,0,0,0,0,0
6750,Frontenac / du Mont-Royal,45.53927089,-73.56837183,0,0,0,0,0,0,0,0,0,0,0,0,0,0,0,0,0,0,0,0,0,0,0,0
7029,Cartier / Masson,45.53802074,-73.58352363,0,0,0,0,0,0,0,0,0,0,0,0,0,0,0,0,0,0,0,0,0,0,0,0
6083,Square Phillips,45.50373772,-73.56810629,0,0,0,0,0,0,0,0,0,0,0,0,0,0,0,0,0,0,0,0,0,0,0,0
6407,Charlevoix / Lionel-Groulx,45.48392802,-73.57731164,0,0,0,0,0,0,0,0,0,0,0,0,0,0,0,0,0,0,0,0,0,0,0,0
6250,Marché Jean-Talon (Henri-Julien / Jean-Talon),45.53678525,-73.61488796,0,0,0,0,0,0,0,0,0,0,0,0,0,0,0,0,0,0,0,0,0,0,0,0
6237,Gilford / de Lanaudière,45.532008000000005,-73.58044446,0,0,0,0,0,0,0,0,0,0,0,0,0,0,0,0,0,0,0,0,0,0,0,0
6155,Garnier / du Mont-Royal,45.53092,-73.57674,0,0,0,0,0,0,0,0,0,0,0,0,0,0,0,0,0,0,0,0,0,0,0,0
6729,St-André / Ste-Catherine,45.51642655,-73.55811238,0,0,0,0,0,0,0,0,0,0,0,0,0,0,0,0,0,0,0,0,0,0,0,0
6085,Notre-Dame / Peel,45.4952,-73.56328,0,0,0,0,0,0,0,0,0,0,0,0,0,0,0,0,0,0,0,0,0,0,0,0
6046,Métro Bonaventure (de la Gauchetière / Mansfield),45.498709999999996,-73.56671,0,0,0,0,0,0,2,0,0,0,0,0,0,0,0,0,0,0,0,0,0,0,0,0
6247,St-Dominique / St-Zotique,45.53228146,-73.61099146,0,0,0,0,0,0,0,0,0,0,0,0,0,0,0,0,0,0,0,0,0,0,0,0
6908,de Bellechasse / de St-Vallier,45.53334868,-73.60113569,0,0,0,0,0,0,0,0,0,0,0,0,0,0,0,0,0,1,0,0,0,0,0,0
6196,Villeneuve / St-Laurent,45.52134173,-73.58941913,0,0,0,0,0,0,0,0,0,0,0,0,0,0,0,0,0,0,0,0,0,0,0,0
6210,Métro Sauvé (Berri / Sauvé),45.55069207,-73.65636706,0,0,0,0,0,0,0,0,0,0,0,0,0,0,0,0,0,0,0,0,0,0,0,0
7006,Clark / Fleury,45.54764848,-73.6655657,0,0,0,0,0,0,0,0,0,0,0,0,0,0,0,0,0,0,0,0,0,0,0,0
6014,St-Denis / Maisonneuve,45.514357000000004,-73.56150600000001,0,0,0,0,0,0,0,0,0,0,0,0,0,0,0,0,0,0,0,0,0,0,0,0
6026,de la Commune / Place Jacques-Cartier,45.50761009,-73.55183601,0,0,0,0,0,0,0,0,0,0,0,0,0,0,0,0,0,0,0,0,0,0,0,0
6241,Hutchison / Fairmount,45.51951505,-73.59851718,0,0,0,0,0,0,0,0,0,0,0,0,0,0,0,0,0,0,0,0,0,0,0,0
6157,de la Roche / du Mont-Royal,45.52875779,-73.57867956,0,0,0,0,0,0,0,0,0,0,0,0,0,0,0,0,0,0,0,0,0,0,0,0
6232,Hutchison / Van Horne,45.52502123,-73.61073732,0,0,0,0,0,0,0,0,0,0,0,0,0,0,0,0,0,0,0,0,0,0,0,0
7028,de Gaspé / St-Viateur,45.52774828,-73.59743893,0,0,0,0,0,0,0,0,0,0,0,0,0,0,0,0,0,0,0,0,0,0,0,0
6230,Waverly / St-Viateur,45.52385614,-73.6001265,0,0,0,0,0,0,0,0,0,0,0,0,0,0,0,0,0,0,0,0,0,0,0,0
6246,Métro Outremont (Wiseman / Van Horne),45.52027054,-73.61484915,0,0,0,0,0,0,0,0,0,0,0,0,0,0,0,0,0,0,0,0,0,0,0,0
7078,Hochelaga / Chapleau,45.53445295,-73.55965197,0,0,0,0,0,0,0,0,0,0,0,0,0,0,0,0,0,0,0,0,0,0,0,0
6103,Lespérance / de Rouen,45.538799,-73.55249599999999,0,0,0,0,0,0,0,0,0,0,0,0,0,0,0,0,0,0,0,0,0,0,0,0
6402,Square Sir-Georges-Etienne-Cartier / Ste-Émilie,45.47266801,-73.58538978,0,0,0,0,0,0,0,0,0,0,0,0,0,0,0,0,0,0,0,0,0,0,0,0
10002,Métro Charlevoix (Centre / Charlevoix),45.47822787,-73.56965125,0,0,0,0,0,0,0,0,0,0,0,0,0,0,0,0,0,0,0,0,0,0,0,0
6268,Chambord / Beaubien,45.53993218,-73.5993433,0,0,0,0,0,0,0,0,0,0,0,0,0,0,0,0,0,0,0,0,0,0,0,0
6336,Faillon / St-Hubert,45.54297176,-73.61793905,0,0,0,0,0,0,0,0,0,0,0,0,0,0,0,0,0,0,0,0,0,0,0,0
6410,Métro Crémazie (Crémazie / Lajeunesse),45.54640752,-73.63842845,0,0,0,0,0,0,0,0,0,0,0,0,1,0,0,0,0,0,0,0,0,0,0,0
6412,Complexe sportif Claude-Robillard,45.553262,-73.638615,0,0,0,0,0,0,0,0,0,0,0,0,0,0,0,0,0,0,0,0,0,0,0,0
6025,Notre-Dame / St-Gabriel,45.50714392,-73.55511904,0,0,0,0,0,0,0,0,0,0,0,0,0,0,0,0,0,0,0,0,0,0,0,0
6177,St-Hubert / Duluth,45.52255761,-73.57440948,0,0,0,0,0,0,0,0,0,0,0,0,0,0,0,0,0,1,0,0,0,0,0,0
6176,de Mentana / Rachel,45.52496324,-73.57555881,0,0,0,0,0,0,0,0,0,0,0,0,0,0,0,0,0,0,0,0,0,0,0,0
6110,Poupart / Ste-Catherine,45.52903307,-73.54634821,0,0,0,0,0,0,0,0,0,0,0,0,0,0,0,0,0,0,0,0,0,0,0,0
6002,Darling / Ste-Catherine,45.54046008,-73.54030252,0,0,0,0,0,0,0,0,0,0,0,0,0,0,0,0,0,0,0,0,0,0,0,0
6259,Dandurand / de Lorimier,45.540881,-73.58415699999999,0,0,0,0,0,0,0,0,0,0,0,0,0,0,0,0,0,0,0,0,0,0,0,0
6082,5e avenue / Rosemont,45.54990048,-73.58308375,0,0,0,0,0,0,0,0,0,0,0,0,0,0,0,0,0,0,0,0,0,0,0,0
6174,Roy / St-Denis,45.519079999999995,-73.5727,0,0,0,0,0,0,0,0,0,0,0,0,0,0,0,0,0,0,0,0,0,0,0,0
6202,Ste-Famille / Sherbrooke,45.51007155,-73.57075229,0,0,0,0,0,0,0,0,0,0,0,0,0,0,0,0,0,0,0,0,0,0,0,0
6217,Vallières / St-Laurent,45.51896722,-73.58361617,0,0,0,0,0,0,0,0,0,0,0,0,0,0,0,0,0,0,0,0,0,0,0,0
7084,McTavish / Sherbrooke,45.50281282,-73.57602417,0,0,0,0,0,0,0,0,0,0,0,0,0,0,0,0,0,0,0,0,0,0,0,0
6131,Fullum / Sherbrooke ,45.533924,-73.562425,0,0,0,0,0,0,0,0,0,0,0,0,0,0,0,0,0,0,0,0,0,0,0,0
6216,Parc Jeanne Mance (monument à sir George-Étienne Cartier),45.514959999999995,-73.58503,0,0,0,0,0,0,0,0,0,0,0,0,0,0,0,0,0,0,0,0,0,0,0,0
6381,Omer-Lavallée / du Midway,45.54577595,-73.56217459,0,0,0,0,0,0,0,5,0,0,0,0,0,0,0,0,0,0,0,0,0,0,0,0
6047,University / Prince-Arthur,45.50740168,-73.57844353,0,0,0,0,0,0,3,2,0,0,0,0,0,0,0,0,0,0,0,0,0,0,0,0
6156,Marie-Anne / de la Roche,45.52775814,-73.57618511,0,0,0,0,0,0,0,0,0,0,0,0,0,0,0,0,0,0,0,0,0,0,0,0
7033,Aylmer / Prince-Arthur,45.50856687,-73.57769787,0,0,0,0,0,0,0,0,0,0,0,0,0,0,0,0,0,0,0,0,0,0,0,0
6193,de l'Esplanade / Fairmount,45.521495,-73.596758,0,0,0,0,0,0,0,0,0,0,0,0,0,0,0,0,0,0,0,0,0,0,0,0
6211,Roy / St-Laurent,45.51561624,-73.57580826,0,0,0,0,0,0,0,0,0,0,0,0,0,0,0,0,0,0,0,0,0,0,0,0
6160,Garnier / St-Joseph,45.53297746,-73.5812223,0,0,0,0,0,0,0,0,0,0,0,0,0,0,0,0,0,0,0,0,0,0,0,0
6023,de la Commune / Berri,45.51086,-73.54983,0,0,0,0,0,0,0,0,0,0,0,0,0,0,0,0,0,0,0,0,0,0,0,0
6190,Pontiac / Gilford,45.52700933,-73.58576596,0,0,0,0,0,0,0,0,0,0,0,0,0,0,0,0,0,0,0,0,0,0,0,0
6188,de Mentana / Marie-Anne,45.52602657,-73.57785881,0,0,0,0,0,0,0,0,0,0,0,0,0,0,0,0,0,0,0,0,0,0,0,0
6926,Marie-Anne / St-Hubert,45.52468298,-73.57889682,0,0,0,0,0,0,0,0,0,0,0,0,0,0,0,0,0,0,0,0,0,0,0,0
6221,du Mont-Royal / Clark,45.51941,-73.58685,0,0,0,0,0,0,0,0,0,0,0,0,0,0,0,0,0,0,0,0,0,0,0,0
6143,Rachel / de Brébeuf,45.52689,-73.57264,0,0,0,0,0,0,0,0,0,0,0,0,0,0,0,0,0,0,0,0,0,0,0,0
6098,Bishop / Ste-Catherine,45.49642,-73.57616,0,0,0,0,0,0,0,0,0,0,0,0,0,0,0,0,0,0,0,0,0,0,0,0
6029,Bel Air / St-Antoine,45.482779,-73.58452544,0,0,0,0,0,0,0,0,0,0,0,0,0,0,0,0,0,0,0,0,0,0,0,0
7055,Greene / Workman,45.48118441,-73.57934877,0,0,0,0,0,0,0,0,0,0,0,0,0,0,0,0,0,0,0,0,0,0,0,0
6231,Jeanne-Mance / St-Viateur,45.52289368,-73.6018163,0,0,0,0,0,0,0,0,0,0,0,0,0,0,0,0,0,0,0,0,0,0,0,0
6220,Laval / Duluth,45.51921624,-73.57718021,0,0,0,0,0,0,0,0,0,0,0,0,0,0,0,0,0,0,0,0,0,0,0,0
6213,Duluth / St-Laurent,45.51687641,-73.57946008,0,0,0,0,0,0,0,0,0,0,0,0,0,0,0,0,0,0,0,0,0,0,0,0
6307,Laval / Rachel,45.52017845,-73.57942387,0,0,0,0,0,0,0,0,0,0,0,0,0,0,0,0,0,0,0,0,0,0,0,0
6117,Robin / de la Visitation,45.52088977,-73.55922148,0,0,0,0,0,0,0,0,0,0,0,0,0,0,0,0,0,0,0,0,0,0,0,0
6120,Métro Frontenac (Ontario / du Havre),45.5336609,-73.5521968,0,0,0,0,0,0,0,0,0,0,0,0,0,0,0,0,0,0,0,0,0,0,0,0
6112,Montcalm / de Maisonneuve,45.5190922,-73.55784953,0,0,0,0,0,0,0,0,0,1,0,0,0,0,0,0,0,0,0,0,0,0,0,0
7027,Terrasse Guindon / Fullum,45.53711414,-73.56913894,0,0,0,0,0,0,0,0,0,0,0,0,0,0,0,0,1,0,0,0,0,0,0,0
6059,Mansfield / René-Lévesque,45.50023084,-73.56939375,0,0,0,0,0,0,0,0,0,0,0,0,0,0,0,0,0,0,0,0,0,0,0,0
6032,Métro Place-d'Armes (Viger / St-Urbain),45.50623,-73.55976,0,0,0,0,0,0,0,0,0,0,0,0,0,0,0,0,0,0,0,0,0,0,0,0
6274,de la Roche / St-Joseph,45.531164000000004,-73.58369499999999,0,0,0,0,0,0,0,0,0,0,0,0,0,0,0,0,0,0,0,0,0,0,0,0
6195,de Bullion / St-Joseph,45.52403655,-73.59014332,0,0,0,0,0,0,0,0,0,0,0,0,0,0,0,0,0,0,0,0,0,0,0,0
6182,de Bullion / du Mont-Royal,45.52148456,-73.58498007,0,0,0,0,0,0,0,0,0,0,0,0,0,0,0,0,0,0,0,0,0,0,0,0
6102,Lincoln / du Fort,45.493034,-73.583836,0,0,0,0,0,0,0,0,0,0,0,0,0,0,0,0,0,0,0,0,0,0,0,0
7076,Tupper / du Fort,45.49122962,-73.58078241,0,0,0,0,0,0,0,0,0,0,0,0,0,0,0,0,0,0,0,0,0,0,0,0
6255,Boyer / St-Zotique,45.53848,-73.60556,0,0,0,0,0,0,0,0,0,0,0,0,0,0,0,0,0,0,0,0,0,0,0,0
6929,St-André / St-Grégoire,45.53141185,-73.59174863,0,0,0,0,0,0,0,0,0,0,0,0,0,0,0,0,0,0,0,0,0,0,0,0
6158,Gilford / de Brébeuf,45.53081623,-73.58162597,0,0,0,0,0,0,0,0,0,0,0,0,0,0,0,0,0,0,0,0,0,0,0,0
6049,Queen / Wellington,45.49760528,-73.55534971,0,0,0,0,0,0,0,0,0,0,0,0,0,0,0,0,0,0,0,0,0,0,0,0
6744,Hamilton / Jolicoeur,45.456355,-73.597557,0,0,0,0,0,0,0,0,0,0,0,0,0,0,0,0,0,0,0,0,0,0,0,0
6181,Clark / Rachel,45.517353799999995,-73.58212888,0,0,0,0,0,0,0,0,0,0,0,0,0,0,0,0,0,0,0,0,0,0,0,0
6067,de Maisonneuve / Robert-Bourassa,45.503475,-73.572103,0,0,0,0,0,0,0,0,0,0,0,0,0,0,0,0,0,0,0,0,0,0,0,0
6004,Hôtel-de-Ville (du Champs-de-Mars / Gosford),45.50918811,-73.55457991,0,0,0,0,0,0,0,0,0,0,0,0,0,0,0,0,0,0,0,0,0,0,0,0
6048,Queen / Ottawa,45.4979738,-73.55614096,0,0,0,0,0,0,0,0,0,0,0,0,0,0,0,0,0,0,0,0,0,0,0,0
6039,McGill / des Récollets,45.500779,-73.558826,0,0,0,0,0,0,0,0,0,0,0,0,0,0,0,0,0,0,0,0,0,0,0,0
6910,Boyer / Beaubien,45.537040999999995,-73.602026,0,0,0,0,0,0,0,0,0,0,0,1,0,0,0,1,0,0,0,0,0,0,0,0
6277,Louis-Hébert / de Bellechasse,45.54669598,-73.58873785,0,0,0,0,0,0,0,0,0,0,0,0,0,0,0,0,0,0,0,0,0,0,0,0
6266,Louis-Hébert / Beaubien,45.54813002,-73.59193504,0,0,0,0,0,0,0,0,0,0,0,0,0,0,0,0,0,0,0,0,0,0,0,0
6105,Plessis / René-Lévesque,45.51937252,-73.55195805,0,0,0,0,0,0,0,0,0,0,0,0,0,0,0,0,0,0,0,0,0,0,0,0
6907,Boyer / Rosemont,45.534136,-73.595478,0,0,0,0,0,0,0,0,0,0,0,0,0,0,0,0,0,1,0,0,0,0,0,0
6119,Dorion / Ontario,45.52697,-73.558021,0,0,0,0,0,0,0,0,0,0,0,0,0,0,0,0,0,0,0,0,0,0,0,0
7080,du President-Kennedy / Robert Bourassa,45.50440747,-73.57254267,0,0,0,0,0,0,0,0,0,0,0,0,0,0,0,0,0,0,0,0,0,0,0,0
6214,Square St-Louis (du Square St-Louis / Laval),45.5160908,-73.57012868,0,0,0,0,0,0,0,0,0,0,0,0,0,0,0,0,0,0,0,0,0,0,0,0
6111,Parthenais / Ste-Catherine,45.52620038,-73.54926646,0,0,0,0,0,0,0,0,0,0,0,0,0,0,0,0,0,0,0,0,0,0,0,0
6118,de Champlain / Ontario,45.52504754,-73.56003553,0,0,0,0,0,0,0,0,0,0,0,0,0,0,0,0,0,0,0,0,0,0,0,0
6150,Messier / du Mont-Royal,45.53711414,-73.5710031,0,0,0,0,0,0,0,0,0,0,0,0,0,0,0,0,0,0,0,0,0,0,0,0
7040,St-Urbain / Beaubien,45.52951034,-73.61067966,0,0,0,0,0,0,0,0,0,0,0,0,0,0,0,0,0,0,0,0,0,0,0,0
6020,Sanguinet / Ontario,45.51472631,-73.56548578,0,0,0,0,0,0,0,0,0,0,0,0,0,0,0,0,0,0,0,0,0,0,0,0
6058,Cypress / Peel,45.49932551,-73.57176751,0,0,0,0,0,0,0,0,0,0,0,0,0,0,0,0,0,0,0,0,0,0,0,0
6334,Lajeunesse / Jarry,45.5437119,-73.62828434,0,0,0,0,0,0,0,0,0,0,0,0,0,0,0,0,0,0,0,0,0,0,0,0
6093,Atwater / Sherbrooke,45.49122585,-73.58763009,0,0,0,0,0,0,0,0,0,0,0,0,0,0,0,0,0,0,0,0,0,0,0,0
6013,Sanguinet / de Maisonneuve,45.51340554,-73.56259435,0,0,0,0,0,0,0,0,0,0,0,0,0,0,0,0,0,0,0,0,0,0,0,0
6134,Gascon / Rachel,45.537964,-73.56264300000001,0,0,0,0,0,0,0,0,0,0,0,0,0,0,0,0,0,0,0,0,0,0,0,0
6199,St-Viateur / St-Laurent,45.52593073,-73.59883904,0,0,0,0,0,0,0,0,0,0,0,0,0,0,0,0,0,0,0,0,0,0,0,0
6092,Crescent / René-Lévesque,45.49606,-73.57348,0,0,0,0,0,0,0,0,0,0,0,0,0,0,0,0,0,0,0,0,0,0,0,0
6738,Union / René-Lévesque,45.50235036,-73.56658279999999,0,0,0,0,0,0,0,0,1,0,0,0,0,0,0,0,0,0,0,0,0,0,0,0
6902,Beaudry / Ontario,45.52155597,-73.56226444,0,0,0,0,0,0,0,0,0,0,0,0,0,0,0,0,0,0,0,0,0,0,0,0
6011,St-André / St-Antoine,45.51411453,-73.5526447,0,0,0,0,0,0,0,0,0,1,0,0,0,0,0,0,0,0,0,0,0,0,0,0
6173,Berri / Cherrier,45.51908844,-73.56950909,0,0,0,0,0,0,0,0,0,0,0,0,0,0,0,0,0,0,0,0,0,0,0,0
6052,de la Commune / King,45.49751503,-73.55257094,0,0,0,0,0,0,0,0,10,0,0,0,0,0,0,0,0,0,0,0,0,0,0,0
6260,Dandurand / Papineau,45.53869977,-73.58622193,0,0,0,0,0,0,0,0,0,0,0,0,0,0,0,0,0,0,0,0,0,0,0,0
6383,Bourbonnière / du Mont-Royal,45.55357074,-73.56049418,0,0,0,0,0,0,0,0,0,0,0,0,0,0,0,0,0,0,0,0,0,0,0,0
6388,d'Orléans / Hochelaga,45.55066935,-73.54903581,0,0,0,0,0,0,0,0,0,1,0,1,0,0,0,0,0,0,0,0,0,0,0,0
7020,St-Germain / Hochelaga,45.54369875,-73.55367333,0,0,0,0,0,0,0,0,0,0,0,0,0,0,0,0,0,0,0,0,0,0,0,0
7049,Ottawa / St-Thomas,45.49068727,-73.56253803,0,0,0,0,0,0,0,0,0,0,0,0,0,0,0,0,0,0,0,0,0,0,0,0
6169,Boyer / du Mont-Royal,45.52743213,-73.57991673,0,0,0,0,0,0,0,0,0,0,0,0,0,0,0,0,0,0,0,0,0,0,0,0
6901,Gare d'autocars de Montréal (Berri / Ontario),45.51679207,-73.56423855,0,0,0,0,0,0,0,0,0,0,0,0,0,0,0,0,0,0,0,0,0,0,0,0
6428,Berlioz / de l'Île des Soeurs,45.45998578,-73.54395568,0,0,0,0,0,0,0,0,0,0,0,0,0,0,0,0,0,0,0,0,0,0,0,0
6380,Parc J.-Arthur-Champagne (de Chambly / du Mont-Royal),45.551584000000005,-73.561916,0,0,0,0,0,0,0,0,0,0,0,0,0,0,0,1,0,0,0,0,0,0,0,0
6712,LaSalle / Crawford,45.4379138,-73.58274043,0,0,0,0,0,0,0,0,0,0,0,0,0,0,0,0,0,0,0,0,0,0,0,0
6309,4e avenue / de Verdun,45.45688445,-73.57260704,0,0,0,0,0,0,0,0,0,0,0,0,0,0,0,0,0,0,0,0,0,0,0,0
6142,Calixa-Lavallée / Rachel,45.52779479,-73.57193917,0,0,0,0,0,0,0,0,0,0,0,0,0,0,0,0,0,0,0,0,0,0,0,0
6126,Rouen / Fullum,45.53217,-73.55859,0,0,0,0,0,0,0,0,0,0,0,0,0,0,0,0,0,0,0,0,0,0,0,0
6148,Émile-Duployé / Sherbrooke,45.52729,-73.56463000000001,0,0,0,0,0,0,0,0,0,0,0,0,0,0,0,0,0,0,0,0,0,0,0,0
6179,Duluth / St-Denis,45.52060423,-73.57598394,0,0,0,0,0,0,0,0,0,0,0,0,0,0,0,0,0,0,0,0,0,0,0,0
7037,Prince-Arthur / Ste-Famille,45.51163821,-73.57463479,0,0,0,0,0,0,0,0,0,0,0,0,0,0,0,0,0,0,0,0,0,0,0,0
6733,de Maisonneuve/ Mansfield (est),45.50229396,-73.57321858,0,0,0,0,0,0,0,0,1,0,0,0,0,0,0,0,0,0,0,0,0,0,0,0
6206,Prince-Arthur / du Parc,45.51059,-73.57547,0,0,0,0,0,0,0,0,0,0,0,0,0,0,0,0,0,0,0,0,0,0,0,0
7031,Berri / Rachel,45.52287802,-73.57749537,0,0,0,0,0,0,0,0,0,0,0,0,0,0,0,0,0,0,0,0,0,0,0,0
6225,Villeneuve / St-Urbain,45.520188,-73.590559,0,0,0,0,0,0,0,0,0,0,0,0,0,0,0,0,0,0,0,0,0,0,0,0
6313,Palm / St-Remi,45.470303,-73.589848,0,0,0,0,0,0,0,0,0,0,0,0,0,0,0,0,0,0,0,0,0,0,0,0
6368,10e avenue / Masson,45.55031641,-73.57335806,0,0,0,0,0,0,0,0,0,0,0,0,0,0,0,0,0,0,1,0,1,0,0,0
6180,St-Dominique / René-Lévesque,45.50941837,-73.56135786,0,0,0,0,0,0,0,0,0,0,0,0,0,0,0,0,0,0,0,0,0,0,0,0
6912,Métro Beaubien (de Chateaubriand / Beaubien),45.53535996,-73.60363483,0,0,0,0,0,0,0,0,0,0,0,0,0,0,0,0,0,0,0,0,0,0,0,0
6185,des Érables / Bélanger,45.54912086,-73.60087349999999,0,0,0,0,0,0,0,0,0,0,0,0,0,0,0,0,0,0,0,0,0,0,0,0
6331,Guizot / St-Denis,45.54334747,-73.63235325,0,0,0,0,0,0,0,0,0,0,0,0,0,0,0,0,0,0,0,0,0,0,0,0
6328,Henri-Julien / Villeray,45.53948747,-73.6235556,0,0,0,0,0,0,0,0,0,0,0,0,0,0,0,0,0,0,0,0,0,0,0,0
6164,Chambord / Laurier,45.5329939,-73.58441412,0,0,0,0,0,0,0,0,0,0,0,0,0,0,0,0,0,0,0,0,0,0,0,0
6207,Ste-Famille / des Pins,45.51283175,-73.57688785,0,0,0,0,0,0,0,0,0,0,0,0,0,0,0,0,0,0,0,0,0,0,0,0
7025,St-Dominique / Bernard,45.52793332,-73.60122251,0,0,0,0,0,0,0,0,0,0,0,0,0,0,0,0,0,0,0,0,0,0,0,0
6094,de Gaspé / Fairmount,45.525669,-73.593016,0,0,0,0,0,0,0,0,0,0,0,0,0,0,0,0,0,0,0,0,0,0,0,0
7068,Basin / Richmond,45.48753099,-73.56507003,0,0,0,0,0,0,0,0,0,0,0,0,0,0,0,0,0,0,0,0,0,0,0,0
6219,de l'Hôtel-de-Ville / Roy,45.5173331,-73.57443631,0,0,0,0,0,0,0,0,0,0,0,0,0,0,0,0,0,0,0,0,0,0,0,0
6432,de Maisonneuve / Greene,45.48697062,-73.58929306,0,0,0,0,0,0,0,0,0,0,0,0,0,0,0,0,0,0,0,0,0,0,0,0
6258,Parc Père-Marquette (Chambord / Rosemont),45.53702583,-73.59316617,0,0,0,0,0,0,0,0,0,0,0,0,0,1,1,1,0,0,0,0,0,0,0,0
6405,Duvernay / Charlevoix,45.48203995,-73.57486278,0,0,0,0,0,0,0,0,0,0,0,0,0,0,0,0,0,0,1,0,0,0,0,0
6387,Métro Joliette  (Joliette / Hochelaga),45.54690718,-73.55155706,0,0,0,0,0,0,0,0,0,0,1,0,0,0,0,0,0,0,0,0,0,0,0,0
6358,1ère  avenue / St-Zotique,45.55193736,-73.59392792,0,0,0,0,0,0,0,0,0,0,0,0,0,0,0,0,1,0,0,0,0,0,0,0
6752,Hutchison / Beaubien,45.5262464,-73.61374676,0,0,0,0,0,0,0,0,0,0,0,0,0,0,0,0,0,0,0,0,0,0,0,0
7032,Drolet / Laurier,45.52625188,-73.58975839,0,0,0,0,0,0,0,0,0,0,0,0,0,0,0,0,0,0,0,0,0,0,0,0
6384,Darling / Sherbrooke,45.5454589,-73.55666935,0,0,0,0,0,0,0,0,0,0,0,0,0,0,0,0,0,0,0,0,0,0,0,0
6065,de la Montagne / Sherbrooke,45.4996771,-73.57884854,0,0,0,0,0,0,0,0,0,0,0,0,0,0,0,0,0,0,0,1,0,0,0,0
6735,François-Perrault / L.-O.-David,45.56129966,-73.60143006,0,0,0,0,0,0,1,3,0,0,0,0,0,0,0,1,0,0,1,0,0,0,0,0
7069,Union / du Président-Kennedy,45.50499345,-73.57170314,0,0,0,0,0,0,0,0,0,0,0,0,0,0,0,0,0,0,0,0,0,0,0,0
6346,Nicolet / Sherbrooke,45.54976982,-73.55485350000001,0,0,0,0,0,0,0,0,0,0,0,0,0,0,0,0,0,0,0,0,0,0,0,0
6391,Aylwin / Ontario,45.54431115,-73.54554892,0,0,0,0,0,0,0,0,0,0,0,0,0,0,0,0,0,0,1,0,0,0,0,0
6314,de Lanaudière / Marie-Anne,45.529219,-73.574777,0,0,0,0,0,0,0,0,0,0,0,0,0,0,0,0,0,0,0,0,0,0,0,0
6377,Grand Trunk / Hibernia,45.47968,-73.56385,0,0,0,0,0,0,0,0,0,0,0,0,0,0,0,0,0,0,0,0,0,0,0,0
6375,Métro Place St-Henri (St-Ferdinand / St-Jacques),45.477249,-73.587238,0,0,0,0,0,0,0,0,0,0,0,0,0,0,0,0,0,0,0,0,0,0,0,0
6401,des Seigneurs / Notre-Dame,45.48772279,-73.56908262,0,0,0,0,0,0,0,0,0,0,0,0,0,0,0,0,0,0,0,0,0,0,0,0
7066,St-Urbain / de la Gauchetière,45.50707813,-73.56139541,0,0,0,0,0,0,0,0,0,0,0,0,0,0,0,0,0,0,0,0,0,0,0,0
6186,St-André / Laurier,45.52955901,-73.58760189,0,0,0,0,0,0,0,0,0,0,0,0,0,0,0,0,0,0,0,0,0,0,0,0
6127,Henri-Julien / de Castelnau,45.537877,-73.618323,0,0,0,0,0,0,0,0,0,0,0,0,0,0,0,0,0,0,0,0,0,0,0,0
6243,Bloomfield / Bernard,45.52068774,-73.60842790000001,0,0,0,0,0,0,0,0,0,0,0,0,0,0,0,0,0,0,0,0,0,0,0,0
6140,Marquette / Rachel,45.52980158,-73.57028961,0,0,0,0,0,0,0,0,0,0,0,0,0,0,0,0,0,0,0,0,0,0,0,0
6224,Villeneuve / du Parc,45.51829,-73.59235,0,0,0,0,0,0,0,0,0,0,0,0,0,0,0,0,0,0,0,0,0,0,0,0
6252,Mozart / St-Laurent,45.53318,-73.61544,0,0,0,0,0,0,0,0,0,0,0,0,0,0,0,0,0,0,0,0,0,0,0,0
6057,Peel / avenue des Canadiens de Montréal,45.49771835,-73.56818005,0,0,0,0,0,0,0,0,1,0,0,0,0,0,0,0,0,0,0,0,0,0,0,0
6151,Parthenais / du Mont-Royal,45.53642275,-73.57099771,0,0,0,0,0,0,0,0,0,0,0,0,0,0,0,0,0,0,0,0,0,0,0,0
6927,Édouard-Montpetit / de Stirling,45.50723,-73.615085,0,0,0,0,0,0,0,0,0,0,0,0,0,0,0,0,0,0,0,0,0,0,0,0
6303,Dunlop / Van Horne,45.514905,-73.619682,0,0,0,0,0,0,0,0,0,0,0,0,0,0,0,0,0,0,0,0,0,0,0,0
6345,Louis-Hémon / Villeray,45.55496126,-73.61073732,0,0,0,0,0,0,0,0,0,0,0,0,0,0,0,0,0,0,0,0,0,0,0,0
6281,Resther / St-Joseph,45.5277271,-73.58628362,0,0,0,0,0,0,0,0,0,0,0,0,0,0,0,0,0,0,0,0,0,0,0,0
6168,Marmier / St-Denis,45.53087132,-73.59834552,0,0,0,0,0,0,0,1,0,0,0,0,0,0,0,0,0,0,0,0,0,0,0,0
6203,Hutchison / Sherbrooke,45.50781,-73.57208,0,0,0,0,0,0,0,0,0,0,0,0,0,0,0,0,0,0,0,0,0,0,0,0
6370,d'Orléans / Masson,45.557192,-73.569847,0,0,0,0,0,0,0,0,0,0,0,0,0,0,0,0,0,0,0,0,0,0,0,0
6418,de Vendôme / de Maisonneuve,45.47444752,-73.60403113,0,0,0,0,0,0,0,0,0,0,0,0,0,0,0,0,0,0,0,0,0,0,0,0
6124,Poupart / Ontario,45.53193889,-73.55343863,0,0,0,0,0,0,0,0,0,0,0,0,0,0,0,0,0,0,0,0,0,0,0,0
6393,Dézéry / Ontario,45.54111009,-73.54754984,0,0,0,0,0,0,0,0,0,0,0,0,0,0,0,0,0,0,0,0,0,0,0,0
6923,Marquette / Jean-Talon,45.54740778,-73.60766888,0,0,0,0,0,0,0,0,0,0,0,0,0,0,0,0,0,0,0,0,0,0,0,0
6270,Fabre / St-Zotique,45.54345173,-73.60101029,0,0,0,0,0,0,0,0,0,0,0,0,0,0,0,0,0,0,0,0,0,0,0,0
6187,Resther / du Mont-Royal,45.52562819,-73.58177483,0,0,0,0,0,0,0,0,0,0,0,0,0,0,0,0,0,0,0,0,0,0,0,0
6008,Sanguinet / Ste-Catherine,45.51279686,-73.56146247,0,0,0,0,0,0,0,0,0,0,0,0,0,0,0,0,0,0,0,0,0,0,0,0
6076,Ville-Marie / Ste-Catherine,45.55792115,-73.52914721,0,0,0,0,0,0,0,0,0,0,0,0,2,0,1,0,0,0,0,0,0,0,0,0
6371,4e avenue / Masson,45.546978,-73.575515,0,0,0,0,0,0,0,0,0,0,0,0,0,0,0,0,1,0,0,0,0,0,1,0
6372,1ère avenue / Masson,45.545199700000005,-73.57645065,0,0,0,0,0,0,0,0,0,0,0,0,0,0,2,0,0,0,0,0,1,0,0,0
6340,de la Roche / Everett,45.544866999999996,-73.614841,0,0,0,0,0,0,0,0,0,0,0,0,0,0,0,0,0,0,0,0,0,0,0,0
6708,Place Jean-Paul Riopelle (Viger / de Bleury),45.50372674,-73.56170386,0,0,0,0,0,0,0,0,0,0,0,0,0,0,0,0,0,0,0,0,0,0,0,0
6749,St-Jacques / St-Laurent,45.50642115,-73.55646551,0,0,0,0,0,0,0,0,0,0,0,0,0,0,0,0,0,0,0,0,0,0,0,0
6042,de la Gauchetière / Robert-Bourassa,45.50060578,-73.56544822,0,0,0,0,0,0,0,0,0,0,0,0,0,0,0,0,0,0,0,0,0,0,0,0
7036,Hutchison / Edouard Charles,45.518263399999995,-73.59577462,0,0,0,0,0,0,0,0,0,0,0,0,0,0,0,0,0,0,0,0,0,0,0,0
6235,St-Dominique / St-Viateur,45.526557000000004,-73.59827578,0,0,0,0,0,0,0,0,0,0,0,0,0,0,0,0,0,0,0,0,0,0,0,0
7018,Joliette / Ste-Catherine,45.54286797,-73.53822447,0,0,0,0,0,0,0,0,0,0,0,0,0,0,0,0,0,0,0,0,0,0,0,0
6063,Drummond / de Maisonneuve,45.49947,-73.57591,0,0,0,0,0,0,0,0,0,0,0,0,0,0,0,0,0,0,0,0,0,0,0,0
6130,Sherbrooke / Frontenac,45.5367,-73.56081,0,0,0,0,0,0,0,0,0,0,0,0,0,0,0,0,0,0,0,0,0,0,0,0
6916,Parc du Pélican (2e avenue / St-Joseph),45.544513,-73.571564,0,0,0,0,0,0,0,0,0,0,0,0,0,0,0,0,0,0,0,0,0,0,0,0
6104,Wolfe / René-Lévesque,45.5168175,-73.55418831,0,0,0,0,0,0,0,0,0,0,0,0,0,0,0,0,0,0,0,0,0,0,0,0
6149,Chapleau / du Mont-Royal,45.53867,-73.56936,0,0,0,0,0,0,0,0,0,0,0,0,0,0,0,0,0,0,0,0,0,0,0,0
6192,Berri / St-Grégoire,45.529802000000004,-73.591766,0,0,1,0,0,0,0,0,0,0,0,0,0,0,0,0,0,0,0,0,0,0,0,0
6427,Métro Lasalle (de Rushbrooke / Caisse),45.47069643,-73.56542241,0,0,0,0,0,0,0,0,0,0,0,0,0,0,0,0,0,0,0,0,0,0,0,0
6404,Quesnel / Vinet,45.485889,-73.57751400000001,0,0,0,0,0,0,0,0,0,0,0,0,0,0,0,0,0,0,0,0,0,0,0,0
6376,16e avenue / St-Joseph,45.5529231,-73.56575198,0,0,0,0,0,0,0,0,0,0,0,0,0,0,0,0,0,0,0,0,0,0,0,0
7041,15e avenue / Masson,45.55391377,-73.57141882,0,0,0,0,0,0,0,0,0,0,0,0,0,0,0,0,1,0,0,0,0,0,0,0
6329,Drolet / Gounod,45.5409767,-73.62642288,0,0,0,0,0,0,0,0,0,0,0,0,0,0,0,0,0,0,0,0,0,0,0,0
6116,Plessis / Ontario,45.52349211,-73.56073022,0,0,0,0,0,0,0,0,0,0,0,0,0,0,0,0,0,0,0,0,0,0,0,0
6906,Métro Rosemont (Rosemont / de St-Vallier),45.53132720000001,-73.5978882,0,0,0,0,0,0,0,0,0,0,0,0,0,0,0,0,0,1,0,0,0,0,0,0
6362,1ère avenue / Rosemont,45.54779995,-73.58486742,0,0,0,0,0,0,0,0,0,0,0,0,0,0,0,0,0,0,0,0,0,0,0,0
7024,Berri / Gilford,45.52656587,-73.58542800000001,0,0,0,0,0,0,0,0,0,0,0,0,0,0,0,0,0,0,0,0,0,0,0,0
6079,Hutchison / Prince-Arthur,45.509864,-73.576105,0,0,0,0,0,0,0,0,0,0,0,0,0,0,0,0,0,0,0,0,0,0,0,0
6038,McGill / Place d'Youville,45.49975,-73.55566,0,0,0,0,0,0,0,0,0,0,0,0,0,0,0,0,0,0,0,0,0,0,0,0
6706,Beatty / de Verdun,45.45072998,-73.57257485,0,0,0,0,0,0,0,0,0,0,0,0,0,0,0,0,0,0,0,0,0,0,0,0
6424,du Président-Kennedy / McGill College,45.50300457,-73.57385695,0,0,0,0,0,0,0,0,0,0,0,0,0,0,0,0,0,0,0,0,0,0,0,0
6044,Roy / St-Christophe,45.521565,-73.57043,0,0,0,0,0,0,0,0,0,0,0,0,0,0,0,0,0,0,0,0,0,0,0,0
6434,Victoria / de Maisonneuve,45.47742856,-73.60016942,0,0,0,0,0,0,0,0,0,0,0,0,0,0,0,0,0,0,0,0,0,0,0,0
6324,de Liège / Lajeunesse,45.54560355,-73.63474041,0,0,0,0,0,0,0,0,0,0,0,0,0,0,0,0,0,0,0,0,0,0,0,0
6006,18e avenue / Rosemont,45.55789546,-73.5765291,0,0,0,0,0,0,0,0,0,0,0,0,0,1,0,0,0,0,0,0,0,0,0,0
6201,Villeneuve / de l'Hôtel-de-Ville,45.5235442,-73.58733237,0,0,0,0,0,0,0,0,0,0,0,0,0,0,0,0,0,0,0,0,0,0,0,0
6425,de l'Église / Edna,45.46277461,-73.56478304,0,0,0,0,0,0,0,0,0,0,0,0,0,0,0,0,0,0,0,0,0,0,0,0
6175,St-André / Cherrier,45.52045847,-73.56757522,0,0,0,0,0,0,0,0,0,0,0,0,0,0,0,0,0,0,0,0,0,0,0,0
6403,Georges-Vanier / Notre-Dame,45.48504798,-73.57196331,0,0,0,0,0,0,0,0,0,0,0,0,0,0,0,0,0,0,0,0,0,0,0,0
6036,de la Commune / St-Sulpice,45.50424246,-73.55346948,0,0,0,0,0,0,0,0,0,0,0,0,0,0,0,0,0,0,0,0,0,0,0,0
7047,Ottawa / Peel,45.49390895,-73.55950713,0,0,0,0,0,0,0,0,0,0,0,0,0,0,0,0,0,0,0,0,0,0,0,0
6050,de la Commune / McGill,45.498673100000005,-73.55256289,0,0,0,0,0,0,0,0,0,0,0,0,0,0,0,0,0,0,0,0,0,0,0,0
6234,Bernard / Clark,45.52697,-73.60261,0,0,0,0,0,0,0,0,0,0,0,0,0,0,0,0,0,0,0,0,0,0,0,0
6165,de Brébeuf / Laurier,45.53259234,-73.58519465,0,0,0,0,0,0,0,0,0,0,0,0,0,0,0,0,0,0,0,0,0,0,0,0
7074,St-André / Robin,45.51812809,-73.56185138,0,0,0,0,0,0,0,0,0,0,0,0,0,0,0,0,0,0,0,0,0,0,0,0
7065,de Lanaudière / Bélanger,45.54365085,-73.60565051,0,0,0,0,0,0,0,0,0,0,0,0,0,0,0,0,0,0,0,0,0,0,0,0
6339,d'Oxford / de Monkland,45.47514154,-73.62350464,0,0,0,0,0,0,0,0,0,0,0,0,0,0,0,0,0,0,0,0,0,0,0,0
6718,Grand Boulevard / Sherbrooke,45.466569,-73.623295,0,0,0,0,0,0,0,0,0,0,0,0,0,0,0,0,0,0,0,0,0,0,0,0
6018,St-André / Ontario,45.51889,-73.56353,0,0,0,0,0,0,0,0,0,0,0,0,0,0,0,0,0,0,0,0,0,0,0,0
6113,Alexandre-DeSève / de Maisonneuve,45.5219,-73.55534,0,0,0,0,0,0,0,0,0,0,0,0,0,0,0,0,0,0,0,0,0,0,0,0
6066,McTavish / des Pins,45.5053055,-73.58100235,0,0,0,0,0,0,0,0,0,0,0,0,0,0,0,0,0,0,0,0,0,0,0,0
6215,St-Cuthbert / St-Urbain,45.51482122,-73.57829601,0,0,0,0,0,0,0,0,0,0,0,0,0,0,0,0,0,0,0,0,0,0,0,0
6350,Island / Centre,45.48149081,-73.56475353,0,0,0,0,0,0,0,0,0,0,0,0,0,0,0,0,0,0,0,0,0,0,0,0
6702,Chauveau / de l'Assomption,45.569789,-73.54808100000001,0,0,0,0,0,0,0,0,0,0,0,0,0,0,1,0,0,0,0,0,0,0,0,0
6701,Centre Pierre-Charbonneau,45.56229871,-73.54944348,0,0,0,0,0,0,0,0,1,0,0,0,0,0,0,0,1,0,0,0,0,0,0,0
6273,Cartier / Bélanger,45.546939,-73.602616,0,0,0,0,0,0,0,0,0,0,0,0,0,0,0,0,0,0,0,0,0,0,0,0
7057,2e avenue / Wellington,45.45789353,-73.56752824,0,0,0,0,0,0,0,0,0,0,0,0,0,0,0,0,0,0,0,0,0,0,0,0
6166,de Brébeuf / St-Grégoire,45.5341,-73.58851999999999,1,0,0,0,0,0,0,0,0,0,0,0,0,0,0,0,0,0,0,0,0,0,0,0
6229,Coloniale / du Mont-Royal,45.52116132,-73.58561575,0,0,0,0,0,0,0,0,0,0,0,0,0,0,0,0,0,0,0,0,0,0,0,0
6051,de Gaspé / Marmier,45.529686,-73.60172800000001,0,0,0,0,0,0,0,0,0,0,0,0,0,0,0,0,0,0,0,0,0,0,0,0
6304,Rockland / Lajoie,45.515617,-73.614991,0,0,0,0,0,0,0,0,0,0,0,0,0,0,0,0,0,0,0,0,0,0,0,0
6903,St-Dominique / Napoléon,45.51677946,-73.57740283,0,0,0,0,0,0,0,0,0,0,0,0,0,0,0,0,0,0,0,0,0,0,0,0
6276,de Normanville / Bélanger,45.54228327,-73.60702515,0,0,0,0,0,0,0,0,0,0,0,0,0,0,0,0,0,0,0,0,0,0,0,0
7038,Guilbault / Clark,45.51410795,-73.57523024,0,0,0,0,0,0,0,0,0,0,0,0,0,0,0,0,0,0,0,0,0,0,0,0
6408,Métro Georges-Vanier (St-Antoine / Canning),45.4891,-73.57656,0,0,0,0,0,0,0,0,0,0,0,0,0,0,0,0,0,0,0,0,0,0,0,0
6161,Chabot / St-Joseph,45.53627298,-73.57819676,0,0,0,0,0,0,0,0,0,0,0,0,0,0,0,0,0,0,0,0,0,0,0,0
6394,Valois / Ontario,45.54716077,-73.54377329,0,0,0,0,0,0,0,0,0,0,0,0,0,0,0,2,0,0,1,0,0,0,0,0
6170,de Mentana / Laurier,45.53045007,-73.58763814,0,0,0,0,0,0,0,0,0,0,0,0,0,0,0,0,0,0,0,0,0,0,0,0
6734,Lajeunesse / Villeray (place Tapéo),45.54211889,-73.62254709999999,0,0,0,0,0,0,0,0,0,0,0,0,0,0,0,0,0,0,0,0,0,0,0,0
6727,Richardson / de Montmorency,45.48494726,-73.56036007,0,0,0,0,0,0,0,0,0,0,0,0,0,0,0,0,0,0,0,0,0,0,0,0
6271,Casgrain / de Bellechasse,45.52993552,-73.60409617,0,0,0,0,0,0,0,0,0,0,0,0,0,0,0,0,0,0,0,0,0,0,0,0
6925,des Écores / Jean-Talon,45.55236372,-73.60286772,0,0,0,0,0,0,0,0,0,0,0,0,0,0,0,0,0,0,0,0,0,0,0,0
6417,Desjardins / Hochelaga,45.55349065,-73.54829013,0,0,0,0,0,0,0,0,0,0,0,0,0,0,0,0,0,0,0,0,0,0,0,0
7075,CHSLD Éloria-Lepage (de la Pépinière / de Marseille),45.57694445,-73.54045272,0,0,0,0,0,0,0,0,0,0,0,0,0,0,0,0,0,0,0,0,0,0,0,0
6915,Alma / Beaubien,45.53243586,-73.606655,0,0,0,0,0,0,0,0,0,0,0,0,0,0,0,0,0,0,0,0,0,0,0,0
7052,Shearer / Centre,45.48300562,-73.56218666,0,0,0,0,0,0,0,0,0,0,0,0,0,0,0,0,0,0,0,0,0,0,0,0
6101,Métro Villa-Maria (Décarie / de Monkland),45.479483,-73.61979000000001,0,0,0,0,0,0,0,0,0,0,0,0,0,0,0,0,0,0,0,0,0,0,0,0
6208,Hutchison / des Pins,45.510690000000004,-73.57805,0,0,0,0,0,0,0,0,0,0,0,0,0,0,0,0,0,0,0,0,0,0,0,0
6132,Larivière / de Lorimier,45.52913454,-73.55923355,0,0,0,0,0,0,0,0,0,0,0,0,0,0,0,0,0,0,0,0,0,0,0,0
6017,du Square Ahmerst / Wolfe,45.52101474,-73.56374502,0,0,0,0,0,0,0,0,0,0,0,0,0,0,0,0,0,0,0,0,0,0,0,0
6310,de Darlington / de la Côte-Ste-Catherine,45.50540325,-73.62116575,0,0,0,0,0,0,0,0,0,0,0,0,0,0,0,0,0,0,0,0,0,0,0,0
7077,Jean Langlois / Fullum,45.52649998,-73.54575277,0,0,0,0,0,0,0,0,0,0,0,0,0,0,0,0,0,0,0,0,0,0,0,0
6204,Milton / Durocher,45.5081439,-73.57477158,0,0,0,0,0,0,0,0,0,0,0,0,0,0,0,0,0,0,0,0,0,0,0,0
6222,de l'Esplanade / du Mont-Royal,45.51825291,-73.5883382,0,0,0,0,0,0,0,0,0,0,0,0,0,0,0,0,0,0,0,0,0,0,0,0
7067,City Councillors / du President-Kennedy,45.50625103,-73.57139066,0,0,0,0,0,0,0,0,0,0,0,0,0,0,0,0,0,0,0,0,0,0,0,0
6040,St-Jacques / St-Pierre,45.5027865,-73.5591343,0,0,0,0,0,0,0,0,0,0,0,0,0,0,0,0,0,0,0,0,0,0,0,0
6245,Bloomfield / Van Horne,45.522585799999995,-73.61265779,0,0,0,0,0,0,0,0,0,0,0,0,0,0,0,0,0,0,0,0,0,0,0,0
7070,Bourgeoys / Favard,45.47993042,-73.55592102,0,0,0,0,0,0,0,0,0,0,0,0,0,0,0,0,0,0,0,0,0,0,0,0
6333,Leman / de Chateaubriand,45.547218,-73.631103,0,0,0,0,0,0,0,0,0,0,0,0,0,0,0,0,0,0,0,0,0,0,0,0
6341,Regina / de Verdun,45.467369,-73.570769,0,0,0,0,0,0,0,0,0,0,0,0,0,0,0,0,0,0,0,0,0,0,0,0
7060,de l'Église / de Verdun,45.46300109,-73.57156895,0,0,0,0,0,0,0,0,0,0,0,0,0,0,0,0,0,0,0,0,0,0,0,0
6433,Hillside / Ste-Catherine,45.48282603,-73.59084338,0,0,0,0,0,0,0,0,0,0,0,0,0,0,0,0,0,0,0,0,0,0,0,0
6301,Parc Outremont (Bloomfield / Elmwood),45.51830945,-73.60328615,0,0,0,0,0,0,0,0,0,0,0,0,0,0,0,0,0,0,0,0,0,0,0,0
7035,Fullum / Gilford,45.53922374,-73.5738368,0,0,0,0,0,0,0,0,0,0,0,0,0,0,0,0,0,0,0,0,0,0,0,0
6251,de Gaspé / Dante,45.53435795,-73.61223131,0,1,0,0,0,0,0,0,0,0,0,0,0,0,0,0,0,0,0,0,0,0,0,0
6330,de Gaspé / Jarry,45.54078005,-73.63040059999999,0,0,0,0,0,0,0,0,0,0,0,0,0,0,0,0,0,0,0,0,0,0,0,0
6355,Ontario / Sicard,45.55626187,-73.5374406,0,0,0,0,0,0,0,0,0,0,0,0,0,0,0,0,0,1,0,0,1,0,0,0
7017,Bennett / Ste-Catherine,45.55305327,-73.53242755,0,0,0,0,0,0,0,0,0,0,0,0,0,0,0,0,1,0,0,0,0,1,0,0
6090,Place Émilie-Gamelin (St-Hubert / de Maisonneuve),45.51585828,-73.55989069,0,0,0,0,0,0,0,0,0,0,0,0,0,0,0,0,0,0,0,1,0,0,0,0
6146,de Brébeuf / Rachel,45.52707992,-73.57327759,0,0,0,0,0,0,0,1,0,0,0,0,0,0,0,0,0,1,0,0,0,0,0,0
6924,de Bordeaux / Jean-Talon,45.54975479,-73.60556602,0,0,0,0,0,0,0,0,0,0,0,0,0,0,0,0,0,0,0,0,0,0,0,0
6275,Chambord / Jean-Talon,45.54484558,-73.61053616,0,0,0,0,0,0,0,0,0,0,0,0,0,0,0,0,0,0,0,0,0,0,0,0
6205,Milton / du Parc,45.50971,-73.57354000000001,0,0,0,0,0,0,0,0,0,0,0,0,0,0,0,0,0,0,0,0,0,0,0,0
7054,Cote St-Paul / St-Ambroise,45.46766565,-73.59391784,0,0,0,0,0,0,0,0,0,0,0,0,0,0,0,0,0,0,0,0,0,0,0,0
6086,Murray / William,45.49351035,-73.561728,0,0,0,0,0,0,0,0,0,0,0,0,0,0,0,0,0,0,0,0,0,0,0,0
6349,Ryde / Charlevoix,45.4757434,-73.5646007,0,0,0,0,0,0,0,0,0,0,0,0,0,0,0,0,0,0,0,0,0,0,0,0
6373,7e avenue / St-Joseph,45.54722665,-73.56986985,0,0,0,0,0,0,0,0,0,0,0,0,0,0,0,0,0,0,0,0,0,0,1,0
6315,Métro Côte-des-Neiges (Jean-Brillant / de la Côte-des-Neiges),45.49595456,-73.62186044,0,0,0,0,0,0,0,0,0,0,0,0,0,0,0,0,0,0,0,0,0,0,0,0
6409,Lionel-Groulx / George-Vanier,45.48621939,-73.57374698,0,0,0,0,0,0,0,0,0,0,0,0,0,0,0,0,0,0,0,0,0,0,0,0
6167,Marquette / St-Grégoire,45.53703,-73.58584,0,0,0,0,0,0,0,0,0,0,0,0,0,0,0,0,0,0,0,0,0,0,0,0
7053,Ropery / Augustin-Cantin,45.48091407,-73.56846035,0,0,0,0,0,0,0,0,0,0,0,0,0,0,0,0,0,0,0,0,0,0,0,0
6356,de Monkland / Girouard,45.47710675,-73.621438,0,0,0,0,0,0,0,0,0,0,0,0,0,0,0,0,0,0,0,0,0,0,0,0
7039,du Mont-Royal / Augustin-Frigon,45.54376315,-73.56772006,0,0,0,0,0,0,0,1,0,0,0,0,0,1,0,0,0,0,0,0,0,0,0,0
6171,Wolfe / Robin,45.51958083,-73.56011599,0,0,0,0,0,0,0,0,0,0,0,0,0,0,0,0,0,0,0,0,0,0,0,0
6327,Drolet / Faillon,45.53929344,-73.62077951,0,0,0,0,0,0,0,0,0,0,0,0,0,0,0,0,0,0,0,0,0,0,0,0
6713,30e avenue / St-Zotique,45.56822507,-73.57943594,0,0,0,0,0,0,0,0,0,0,0,0,0,0,0,0,0,0,2,0,0,0,0,0
6178,Rivard / Rachel,45.5222776,-73.5775906,0,0,0,0,0,0,0,0,0,0,0,0,0,0,0,0,0,0,0,0,0,0,0,0
7010,de Mayfair / Monkland,45.46027832,-73.63660857,0,0,0,0,0,0,0,0,0,0,0,0,0,0,0,0,0,0,0,0,0,0,0,0
6414,Laporte / St-Antoine,45.48050798,-73.58660951,0,0,0,0,0,0,0,0,0,0,0,0,0,0,0,0,0,0,0,0,0,0,0,0
6711,Alexandra / Waverly,45.531938000000004,-73.61784200000001,0,0,0,0,0,0,0,0,0,0,0,0,0,0,0,0,0,0,0,0,0,0,0,0
6435,Victoria Hall,45.48129147,-73.60033035,0,0,0,0,0,0,0,0,0,0,0,0,0,0,0,0,0,0,0,0,0,0,0,0
6367,3e avenue / Dandurand,45.547362,-73.57922099999999,0,0,0,0,0,0,0,0,0,0,0,0,0,0,0,0,0,0,0,0,0,0,0,0
6033,15e avenue / Beaubien,45.557770899999994,-73.58413786,0,0,0,0,0,0,0,0,0,0,0,0,0,0,1,0,0,1,1,0,0,0,0,0
6918,Marquette / des Carrières,45.53876952,-73.58867884,0,0,0,0,0,0,0,0,1,0,0,0,0,0,0,0,0,0,0,0,0,0,0,0
6347,Métro St-Michel (Shaughnessy / St-Michel),45.559199,-73.59965799999999,0,0,0,0,0,0,0,0,1,0,0,0,0,0,0,0,0,0,0,0,0,0,0,0
6236,Laurier / de Bordeaux,45.5372588,-73.57917041,0,0,0,0,0,0,0,0,0,0,0,0,0,0,0,0,0,0,0,0,0,0,0,0
6306,Métro Édouard-Montpetit (du Mont-Royal / Vincent-d'Indy),45.510086,-73.611429,0,0,0,0,0,0,0,0,0,0,0,0,0,0,0,0,0,0,0,0,0,0,0,0
6068,Mansfield / Sherbrooke,45.50297,-73.57505,0,0,0,0,0,0,0,0,0,0,0,0,0,0,0,0,0,0,0,0,0,0,0,0
6913,Drolet / Beaubien,45.533348,-73.605834,0,0,0,0,0,0,0,0,0,0,0,0,0,0,0,0,0,0,0,0,0,0,0,0
6921,Augustin-Cantin / Shearer,45.48401829,-73.56343659999999,0,0,0,0,0,0,0,0,0,0,0,0,0,0,0,0,0,0,0,0,0,0,0,0
6905,Parc Rosemont (Dandurand / d'Iberville),45.544377000000004,-73.581018,0,0,0,0,0,0,0,0,0,0,0,0,0,0,0,0,0,0,0,0,0,0,0,0
7071,St-Mathieu / Sherbrooke,45.4957891,-73.58259559,0,0,0,0,0,0,0,0,0,0,0,0,0,0,0,0,0,0,0,0,0,0,0,0
6360,8e avenue / Beaubien,45.553215,-73.58752,0,0,0,0,0,0,0,0,0,0,0,0,0,0,0,0,1,3,1,0,0,0,0,0
7079,Gauvin / Notre-Dame,45.50004273,-73.56041238,0,0,0,0,0,0,0,0,0,0,0,0,0,0,0,0,0,0,0,0,0,0,0,0
6416,Notre-Dame-de-Grâce / Décarie,45.47735334,-73.61537218,0,0,0,0,0,0,0,0,0,0,0,0,0,0,0,0,0,0,0,0,0,0,0,0
6053,Belmont / du Beaver Hall,45.502326000000004,-73.565138,0,0,0,0,0,0,0,0,0,0,0,0,0,0,0,0,0,0,0,0,0,0,0,0
6265,Parthenais / Laurier,45.53925853,-73.57745916,0,0,0,0,0,0,0,0,0,0,0,0,0,0,0,0,0,0,0,0,0,0,0,0
7072,Beaudry / Sherbrooke,45.52303493,-73.56539458,0,0,0,0,0,0,0,0,0,0,0,0,0,0,0,0,0,0,0,0,0,0,0,0
6311,Drolet / St-Zotique,45.53488214,-73.60941231,0,0,0,0,0,0,0,0,0,0,0,0,0,0,0,0,0,0,0,0,0,0,0,0
6721,Métro Cadillac (Sherbrooke / de Cadillac),45.57696323,-73.54683638,0,0,0,0,0,0,0,0,0,0,0,0,0,0,0,0,0,0,0,0,0,0,0,0
6722,Pierre-de-Coubertin / Louis-Veuillot,45.57278891,-73.54031324,0,0,0,0,0,0,1,0,0,0,0,0,0,0,0,0,0,0,0,0,0,0,0,0
6904,Fabre / Beaubien,45.542055,-73.59779300000001,0,0,0,0,0,0,0,0,0,0,0,0,0,0,0,0,0,0,0,0,0,0,0,0
6737,Jacques-Casault / Christophe-Colomb,45.552122999999995,-73.630103,0,0,0,0,0,0,0,0,0,0,0,0,0,0,0,0,0,0,0,0,0,0,0,0
6398,Desjardins / Ontario,45.55117291,-73.54101062,0,0,0,0,0,0,0,0,0,0,0,0,0,0,0,0,0,0,0,0,0,0,0,0
6249,Bélanger / St-Denis,45.53696,-73.61199,0,0,0,0,0,0,0,0,0,0,0,0,0,0,0,0,0,0,0,0,0,0,0,0
6344,St-Dominique / Jean-Talon,45.53524655,-73.61771241,0,0,0,0,0,0,0,0,0,0,0,0,0,0,0,0,0,0,0,0,0,0,0,0
6415,Wilson / Sherbrooke,45.4703,-73.6162,0,0,0,0,0,0,0,0,0,0,0,0,0,0,0,0,0,0,0,0,0,0,0,0
6753,Centre ÉPIC (St-Zotique / 40e avenue),45.57414704,-73.57462138,0,0,0,0,0,0,0,1,0,0,0,0,0,1,1,0,0,0,0,0,0,0,0,0
6264,Chabot / de Bellechasse,45.54256975,-73.59214425,0,0,0,0,0,0,0,0,0,0,0,0,0,0,0,0,0,0,0,1,0,0,0,0
6257,de St-Vallier / St-Zotique,45.53626118,-73.6075455,0,0,0,0,0,0,0,0,0,0,0,0,0,0,0,0,0,0,0,0,0,0,0,0
6917,Basile-Routhier / Chabanel,45.54986843,-73.64765659,0,0,0,0,0,0,0,0,0,0,0,0,0,0,0,0,0,0,0,0,0,0,0,0
6269,Wurtele / de Rouen,45.53762781,-73.55339438,0,0,0,0,0,0,0,0,0,0,0,0,0,0,0,0,0,0,0,0,0,0,0,0
6198,Hélène-Baillargeon / St-Denis,45.529740000000004,-73.59527,0,0,0,0,0,0,0,0,0,0,0,0,0,0,0,0,0,0,0,0,0,0,0,0
6081,St-Alexandre / Ste-Catherine,45.50531355,-73.56755376,0,0,0,0,0,0,0,0,0,0,0,0,0,0,0,0,0,0,0,0,0,0,0,0
6709,Le Caron / Marc-Sauvalle ,45.461684999999996,-73.584039,0,0,0,0,0,0,0,0,0,0,0,0,0,0,0,0,0,0,0,0,0,0,0,0
6747,Waverly / St-Zotique,45.53050526,-73.61470833,0,0,0,0,0,0,0,0,0,0,0,0,0,0,0,0,0,0,0,0,0,0,0,0
6279,Louis-Hébert / Bélanger,45.55158519,-73.59916493,0,0,0,0,0,0,0,0,0,0,0,0,0,1,0,0,1,0,0,0,0,0,0,0
5007,Métro Longueuil - Université de Sherbrooke,45.52331869,-73.52012694,0,0,0,0,0,0,0,0,0,0,0,0,0,0,0,0,0,0,0,0,0,0,0,0
6145,St-Hubert / Roy,45.52105068,-73.57113719,0,0,0,0,0,0,0,0,0,0,0,0,0,0,0,0,0,0,0,0,0,0,0,0
7059,Argyle / Bannantyne,45.45324567,-73.57681476,0,0,0,0,0,0,0,0,0,0,0,0,0,0,0,0,0,0,0,0,0,0,0,0
7042,Alexandra / Jean-Talon,45.53233065,-73.62018675,0,0,0,0,0,0,0,0,0,0,0,0,0,0,0,0,0,0,0,0,0,0,0,0
6343,Marquette / Villeray,45.55068362,-73.61529306,0,0,0,0,0,0,0,0,0,0,0,0,0,0,0,0,0,0,0,0,0,0,0,0
7004,Émile-Journault / de Chateaubriand,45.54983321,-73.64063255,0,0,0,0,0,0,0,0,0,0,0,0,0,0,0,0,0,0,0,0,0,0,0,0
6123,Alexandre-DeSève / la Fontaine,45.52327641,-73.55821833,0,0,0,0,0,0,0,0,0,0,0,0,0,0,0,0,0,0,0,0,0,0,0,0
7058,Gordon / Wellington,45.46107799,-73.567307,0,0,0,0,0,0,0,0,0,0,0,0,0,0,0,0,0,0,0,0,0,0,0,0
6125,Ellendale / de la Côte-des-Neiges,45.499757,-73.62929799999999,0,0,0,0,0,0,0,0,0,0,0,0,0,0,0,0,0,0,0,0,0,0,0,0
6413,Union / Cathcart,45.50342378,-73.5684818,0,0,0,0,0,0,0,0,0,0,0,0,0,0,0,0,0,0,0,0,0,0,0,0
6385,de Bordeaux / Gilford,45.53611005,-73.57628703,0,0,0,0,0,0,0,0,0,0,0,0,0,0,0,0,0,0,0,0,0,0,0,0
7002,Tolhurst / Fleury,45.54410128,-73.66738558,0,0,0,0,0,0,0,0,0,0,0,0,0,0,0,0,0,0,0,0,0,0,0,0
7008,Rousselot / Jarry,45.55076908,-73.62091094,0,0,0,0,0,0,0,0,0,0,0,0,0,0,0,0,0,0,0,0,0,0,0,0
6429,Place du Commerce,45.46714,-73.54259,0,0,0,0,0,0,0,0,0,0,0,0,0,0,0,0,0,0,0,0,0,0,0,0
6354,Marcil / Sherbrooke,45.471743,-73.613924,0,0,0,0,0,0,0,0,0,0,0,0,0,0,0,0,0,0,0,0,0,0,0,0
7050,Ottawa / William,45.48954486,-73.56413931,0,0,0,0,0,0,0,0,0,0,0,0,0,0,0,0,0,0,0,0,0,0,0,0
6732,Fortune / Wellington,45.477923,-73.559038,0,0,0,0,0,0,0,0,0,0,0,0,0,0,0,0,0,0,0,0,0,0,0,0
6024,Parthenais / Sherbrooke,45.5324031,-73.56236637,0,0,0,0,0,0,0,0,0,0,0,0,0,0,0,0,0,0,0,0,0,0,0,0
7003,George-Baril / Sauvé,45.55659147,-73.65267634,0,0,0,0,0,0,0,0,0,0,0,0,0,0,0,0,0,0,0,0,0,0,0,0
6422,Fleury / Lajeunesse,45.5536,-73.6616,0,0,0,0,0,0,0,0,0,0,0,0,0,0,0,0,0,0,0,0,0,0,0,0
7022,Durocher / Bernard,45.5223176,-73.60693127,0,0,0,0,0,0,0,0,0,0,0,0,0,0,0,0,0,0,0,0,0,0,0,0
6016,Jacques-Le Ber / de la Pointe Nord,45.472503,-73.53928499999999,0,0,0,0,0,0,0,0,0,0,0,0,0,0,0,0,0,0,0,0,0,0,0,0
7016,Métro Langelier (Sherbrooke / Langelier),45.58275716,-73.54244292,0,0,0,0,0,0,0,0,0,0,0,0,0,0,0,0,1,0,0,0,0,0,0,0
6115,Benny / de Monkland,45.46691425,-73.63170415,0,0,0,0,0,0,0,0,0,0,0,0,0,0,0,0,0,0,0,0,0,0,0,0
6703,Jardin Botanique (Pie-IX / Sherbrooke),45.55500446,-73.55535507,0,0,0,0,0,0,0,0,0,1,0,0,0,0,0,0,0,0,1,1,1,0,0,0
6421,Cartier / Rosemont,45.54124722,-73.59104455,0,0,0,0,0,0,0,0,0,0,0,0,0,0,0,0,1,0,3,1,0,0,0,0
6705,5e avenue / Bannantyne,45.456365000000005,-73.57614000000001,0,0,0,0,0,0,0,0,0,0,0,0,0,0,0,0,0,0,0,0,0,0,0,0
6369,U. Concordia - Campus Loyola (Sherbrooke / West Broadway),45.45750908,-73.63948524,0,0,0,0,0,0,0,0,0,0,0,0,0,0,0,0,0,0,0,0,0,0,0,0
6338,Boyer / Jarry,45.54732889,-73.62532854,0,0,0,0,0,0,0,0,0,0,0,0,0,0,0,0,0,0,0,0,0,0,0,0
6379,de l'Église / Bannantyne,45.46325354,-73.57587934,0,0,0,0,0,0,0,0,0,0,0,0,0,0,0,0,0,0,0,0,0,0,0,0
6075,University / des Pins,45.50798917,-73.57981682,0,0,0,0,0,0,0,0,0,0,0,0,0,0,0,0,0,0,0,0,0,0,0,0
6919,Bibliothèque de Rosemont (9e avenue / Rosemont),45.55201648,-73.5818553,0,0,0,0,0,0,0,0,0,0,0,0,0,0,2,0,0,0,1,0,0,1,0,0
7046,15e avenue / Rosemont,45.55581447,-73.57785344,0,0,0,0,0,0,0,0,0,0,0,0,0,0,0,0,0,2,1,0,0,0,0,0
6419,Beaucourt / de la Côte-Ste-Catherine,45.491513,-73.633649,0,0,0,0,0,0,0,0,0,0,0,0,0,0,0,0,0,0,0,0,0,0,0,0
6189,Chabot / Everett,45.55072306,-73.60957056,0,0,0,0,0,0,0,0,0,0,0,0,0,0,0,0,0,0,0,0,0,0,0,0
6312,de Kent / de la Côte-des-Neiges,45.50144933,-73.63305062,0,0,0,0,0,0,0,0,0,0,0,0,0,0,0,0,0,0,0,0,0,0,0,0
6420,Métro Snowdon (de Westbury / Queen-Mary),45.48538473,-73.62814218,0,0,0,0,0,0,0,0,0,0,0,0,0,0,0,0,0,0,0,0,0,0,0,0
7063,Drolet / Jarry,45.54195463,-73.62994194,0,0,0,0,0,0,0,0,0,0,0,0,0,0,0,0,0,0,0,0,0,0,0,0
6240,Parc Kent (de Kent / Hudson),45.50572093,-73.62945914,0,0,0,0,0,0,0,0,0,0,0,0,0,0,0,0,0,0,0,0,0,0,0,0
6035,Viger / Chenneville,45.50531167,-73.56089115,0,0,0,0,0,0,0,0,0,0,0,0,0,0,0,0,0,0,0,0,0,0,0,0
6719,Park Row O / Sherbrooke,45.46072936,-73.63407254,0,0,0,0,0,0,0,0,0,0,0,0,0,0,0,0,0,0,0,0,0,0,0,0
6716,Francis / Fleury,45.563947,-73.655573,0,0,0,0,0,0,0,0,0,0,0,0,0,0,0,0,0,0,0,0,0,0,0,0
6704,19e avenue / St-Zotique,45.561594,-73.585643,0,0,0,0,0,0,0,0,0,0,0,0,0,0,0,2,0,0,0,0,0,2,1,0
6726,Hamel / Sauvé,45.560742,-73.65041,0,0,0,0,0,0,0,0,0,0,0,0,0,0,0,0,0,0,0,0,0,0,0,0
7009,CHSLD Benjamin-Victor-Rousselot (Dickson / Sherbrooke),45.57379782,-73.55034471,0,0,0,0,0,0,0,0,0,0,0,0,0,0,0,0,0,0,0,0,0,0,0,0
6374,Laurier / 15e avenue,45.55321516,-73.56949568,0,0,0,0,0,0,0,0,0,0,0,0,0,0,0,0,0,1,1,0,0,0,0,0
6436,Argyle / Sherbrooke,45.48580087,-73.59579743,0,0,0,0,0,0,0,0,0,0,0,0,0,0,0,0,0,0,0,0,0,0,0,0
6739,de Repentigny / Sherbrooke,45.58077,-73.54476600000001,0,0,0,0,0,0,0,0,0,0,0,0,0,0,0,0,0,0,0,0,0,0,0,0
6302,Stuart / de la Côte-Ste-Catherine,45.51563409,-73.60671133,0,0,0,0,0,0,0,0,0,0,0,0,0,0,0,0,0,0,0,0,0,0,0,0
6357,12e avenue / St-Zotique,45.556905,-73.58925,0,0,0,0,0,0,0,0,0,0,0,0,0,0,0,1,0,0,0,0,0,0,0,0
5004,St-Charles / Grant,45.539823999999996,-73.508752,0,0,0,0,0,0,0,0,0,0,0,0,0,0,0,0,0,0,0,0,0,0,0,0
5002,St-Charles / Montarville,45.53368199,-73.51526074,0,0,0,0,0,0,0,0,0,0,0,0,0,0,0,0,0,0,0,0,0,0,0,0
6742,Briand / le Caron,45.462362,-73.59665,0,0,0,0,0,0,0,0,0,0,0,0,0,0,0,0,0,0,0,0,0,0,0,0
6001,Métro Champ-de-Mars (Sanguinet / Viger),45.51035068,-73.55650842,0,0,0,0,0,0,0,0,0,0,0,0,0,0,0,0,0,0,0,0,0,0,0,0
6183,Laval / du Mont-Royal,45.52236458,-73.58414590000001,0,0,0,0,0,0,0,0,0,0,0,0,0,0,0,0,0,0,0,0,0,0,0,0
6728,d'Outremont / Ogilvy,45.52687028,-73.62672329,0,0,0,0,0,0,0,0,0,0,0,0,0,0,0,0,0,0,0,0,0,0,0,0
7081,Lincoln / Lambert Closse,45.4913838,-73.58601272,0,0,0,0,0,0,0,0,0,0,0,0,0,0,0,0,0,0,0,0,0,0,0,0
6096,Lucien L'Allier / St-Jacques,45.49356916,-73.56857568,0,0,0,0,0,0,0,0,0,0,0,0,0,0,0,0,0,0,0,0,0,0,0,0
6021,de l'Hôtel-de-Ville / Sherbrooke,45.51456467,-73.5684067,0,0,0,0,0,0,0,0,0,0,0,0,0,0,0,0,0,0,0,0,0,0,0,0
6321,Gary-Carter / St-Laurent,45.53598469,-73.62254441,0,0,0,0,0,0,0,0,0,0,0,0,0,0,0,0,0,0,0,0,0,0,0,0
6091,Joseph-Manceau / René-Lévesque,45.49168652,-73.57676715,0,0,0,0,0,0,0,0,0,0,0,0,0,0,0,0,0,0,0,0,0,0,0,0
7001,Ball / Querbes,45.53117751,-73.63213599,0,0,0,0,0,0,0,0,0,0,0,0,0,0,0,0,0,0,0,0,0,0,0,0
4002,Métro Place-des-Arts (de Maisonneuve / de Bleury),45.50619396,-73.56996775,0,0,0,0,0,0,0,0,0,0,0,0,0,0,0,0,0,0,0,0,0,0,0,0
6009,Ste-Catherine / Labelle,45.5150383,-73.55920136,0,0,0,0,0,0,0,0,0,0,0,0,0,0,0,0,0,0,0,0,0,0,0,0
5005,St-Charles / St-Sylvestre,45.53637796,-73.51264223,0,0,0,0,0,0,0,0,0,0,0,0,0,0,0,0,0,0,0,0,0,0,0,0
6162,Fullum / St-Joseph,45.5398326,-73.57555881,0,0,0,0,0,0,0,0,0,0,0,0,0,0,0,0,0,0,0,0,0,0,0,0
6745,de l'Épée / Jean-Talon,45.52793196,-73.62380505,0,0,0,0,0,0,0,0,0,0,0,0,0,0,0,0,0,0,0,0,0,0,0,0
6253,Berri / Jean-Talon,45.53903178,-73.61431818,0,0,0,0,0,0,0,0,0,0,0,0,0,0,0,0,0,0,0,0,0,0,0,0
7061,Lajeunesse / de Castelnau,45.54039621,-73.61681789,0,0,0,0,0,0,0,0,0,0,0,0,0,0,0,0,0,0,0,0,0,0,0,0
6003,Clark / Evans,45.51100667,-73.56760204,0,0,0,0,0,0,0,0,0,0,0,0,0,0,0,0,0,0,0,0,0,0,0,0
6305,Davaar / de la Côte-Ste-Catherine,45.514379,-73.610871,0,0,0,0,0,0,0,0,0,0,0,0,0,0,0,0,0,0,0,0,0,0,0,0
5003,Place Longueuil,45.52841044,-73.51716578,0,0,0,0,0,0,0,0,0,0,0,0,0,0,0,0,0,0,0,0,0,0,0,0
6322,St-Dominique / Gounod,45.53873795,-73.62802148,0,0,0,0,0,0,0,0,0,0,0,0,0,0,0,0,0,0,0,0,0,0,0,0
6406,Marché Atwater,45.48020823,-73.57759863,0,0,0,0,0,0,0,0,0,0,0,0,0,0,0,0,0,0,0,0,0,0,0,0
6019,Métro Sherbrooke (de Rigaud / Berri),45.51799894,-73.56818408,0,0,0,0,0,0,0,0,0,0,0,0,0,0,0,0,0,0,0,0,0,0,0,0
5006,Collège Édouard-Montpetit (de Gentilly / de Normandie),45.53722604,-73.49506706,0,0,0,0,0,0,0,0,0,0,0,0,0,0,0,0,0,0,0,0,0,0,0,0
6725,Métro Monk (Allard / Beaulieu),45.45085122,-73.5940272,0,0,0,0,0,0,0,0,0,0,0,0,0,0,0,0,0,0,0,0,0,0,0,0
7056,Bibliothèque de Verdun (Brown / Bannantyne),45.44826205,-73.57785612,0,0,0,0,0,0,0,0,0,0,0,0,0,0,0,0,0,0,0,0,0,0,0,0
6136,Métro Laurier (Rivard / Laurier),45.52761627,-73.5891147,0,0,0,0,0,0,0,0,0,0,0,0,0,0,0,0,0,0,0,0,0,0,0,0
7073,Logan / de Champlain,45.52319433,-73.55584256,0,0,0,0,0,0,0,0,0,0,0,0,0,0,0,0,0,0,0,0,0,0,0,0
6122,Logan / d'Iberville,45.530570000000004,-73.54913,0,0,0,0,0,0,0,0,0,0,0,0,0,0,0,0,0,0,0,0,0,0,0,0
7048,Métro Angrignon,45.44653424,-73.60354088,0,0,0,0,0,0,0,0,0,0,0,0,0,0,0,0,0,0,0,0,0,0,0,0
6715,Natatorium (LaSalle / Rolland),45.44440817,-73.5755682,0,0,0,0,0,0,0,0,0,0,0,0,0,0,0,0,0,0,0,0,0,0,0,0
6707,Métro Jolicoeur (Drake / de Sève),45.456497999999996,-73.58214363,0,0,0,0,0,0,0,0,0,0,0,0,0,0,0,0,0,0,0,0,0,0,0,0
6754,Eadie / Dubois,45.45759682,-73.5905286,0,0,0,0,0,0,0,0,0,0,0,0,0,0,0,0,0,0,0,0,0,0,0,0
6426,Métro Verdun (Willibrord / de Verdun),45.45948769,-73.57209206,0,0,0,0,0,0,0,0,0,0,0,0,0,0,0,0,0,0,0,0,0,0,0,0
6128,Hogan / Ontario,45.53529548,-73.55116009999999,0,0,0,0,0,0,0,0,0,0,0,0,0,0,0,0,0,0,0,0,0,0,0,0
6386,Métro Préfontaine (Moreau / Hochelaga),45.54143508,-73.55431437,0,0,0,0,0,0,0,0,0,0,0,0,0,0,0,0,0,0,0,0,0,0,0,0
6316,Swail / Decelles,45.49705494,-73.61865252,0,0,0,0,0,0,0,0,0,0,0,0,0,0,0,0,0,0,0,0,0,0,0,0
6263,de Hampton / de Monkland,45.4711616,-73.62720609,0,0,0,0,0,0,0,0,0,0,0,0,0,0,0,0,0,0,0,0,0,0,0,0
6133,Terrasse Mercure / Fullum,45.53569003,-73.56592298,0,0,0,0,0,0,0,0,0,0,0,0,0,0,0,0,0,0,0,0,0,0,0,0
7012,Louis-Colin / McKenna,45.50006811,-73.61786127,0,0,0,0,0,0,0,0,0,0,0,0,0,0,0,0,0,0,0,0,0,0,0,0
6423,Hôpital général juif (de la Côte Ste-Catherine / Légaré),45.496302,-73.62982199999999,0,0,0,0,0,0,0,0,0,0,0,0,0,0,0,0,0,0,0,0,0,0,0,0
7015,Parc des Rapides (LaSalle / 6e avenue),45.42947144,-73.59309916,0,0,0,0,0,0,0,0,0,0,0,0,0,0,0,0,0,0,0,0,0,0,0,0
6366,Wilderton  / Van Horne,45.510042,-73.624835,0,0,0,0,0,0,0,0,0,0,0,0,0,0,0,0,0,0,0,0,0,0,0,0
6080,Marlowe / de Maisonneuve,45.47393028,-73.60473454,0,0,0,0,0,0,0,0,0,0,0,0,0,0,0,0,0,0,0,0,0,0,0,0
7011,Girouard / de Terrebonne,45.47843159,-73.62489939,0,0,0,0,0,0,0,0,0,0,0,0,0,0,0,0,0,0,0,0,0,0,0,0
6736,Métro Henri-Bourassa (Henri-Bourassa / Millen),45.55675103,-73.66716161,0,0,0,0,0,0,0,0,0,0,0,0,0,0,0,0,0,0,0,0,0,0,0,0
6714,LaSalle / Sénécal,45.43443353,-73.586694,0,0,0,0,0,0,0,0,0,0,0,0,0,0,0,0,0,0,0,0,0,0,0,0
7007,Gare Canora (Jean-Talon / Canora),45.51378024,-73.63246322,0,0,0,0,0,0,0,0,0,0,0,0,0,0,0,0,0,0,0,0,0,0,0,0
6746,Métro Acadie (de l'Acadie / Beaumont),45.52357479,-73.62344295,0,0,0,0,0,0,0,0,0,0,0,0,0,0,0,0,0,0,0,0,0,0,0,0
6363,de la Côte St-Antoine / Royal,45.46892698,-73.61987025,0,0,0,0,0,0,0,0,0,0,0,0,0,0,0,0,0,0,0,0,0,0,0,0
6930,Paul Boutet / des Regrattiers,45.55984236,-73.61544728,0,0,0,0,0,0,0,0,0,0,0,0,0,0,0,0,0,0,0,0,0,0,0,0
6226,Hôpital Maisonneuve-Rosemont (Rosemont / Chatelain),45.575707,-73.561562,0,0,0,0,0,0,2,1,1,0,0,0,0,0,0,0,0,0,0,0,0,0,0,0
7023,CHSLD St-Michel (Jarry / 8e avenue),45.56169027,-73.61051202,0,0,0,0,0,0,0,0,0,0,0,0,0,0,0,0,0,0,0,0,0,0,0,0
6078,de Bleury / Mayor,45.50677517,-73.56774151,0,0,0,0,0,0,0,0,0,0,0,0,0,0,0,0,0,0,0,0,0,0,0,0
6097,Ste-Catherine / St-Marc,45.4928974,-73.58029425,0,0,0,0,0,0,0,0,0,0,0,0,0,0,0,0,0,0,0,0,0,0,0,0
6395,Métro Viau (Pierre-de-Coubertin / Sicard),45.55997758,-73.54779124,0,0,0,0,0,0,1,2,9,6,0,2,0,1,1,2,1,3,3,0,1,2,0,0
4001,Parc Plage,45.50262859,-73.52774978,0,0,0,0,0,0,0,0,0,0,0,0,0,0,0,0,0,0,0,0,0,0,0,0
6034,St-Urbain / René-Lévesque,45.50797476,-73.56307179,0,0,0,0,0,0,0,0,0,0,0,0,0,0,0,0,0,0,0,0,0,0,0,0
7045,Casgrain / Mozart,45.53472726,-73.61479282,0,0,0,0,0,0,0,0,0,0,0,0,0,0,0,0,0,1,0,0,0,0,0,0
6099,Crescent / de Maisonneuve,45.49815109,-73.57760936,0,0,0,0,0,0,0,0,0,0,0,0,0,0,0,0,0,0,0,0,0,0,0,0
7064,Clark / de Liège,45.53998385,-73.63813475,0,0,0,0,0,0,0,0,0,0,0,0,0,0,0,0,0,0,0,0,0,0,0,0
6501,Parc Jean-Drapeau,45.51398578,-73.53429437,0,0,0,0,0,0,0,0,0,0,0,0,0,0,0,0,0,0,0,0,0,0,0,0
6389,Boyer / Jean-Talon,45.54158631,-73.61248076,0,0,0,0,0,0,0,0,0,0,0,0,0,0,0,0,0,0,0,0,0,0,0,0
6323,Guizot / St-Laurent,45.5396316,-73.63444805,0,0,0,0,0,0,0,0,0,0,0,0,0,0,0,0,0,0,0,0,0,0,0,0
6723,26e avenue / Beaubien,45.564944,-73.577639,0,0,0,0,0,0,0,1,0,0,0,0,0,1,0,1,1,0,0,1,2,0,0,0
6502,Casino de Montréal,45.5063732,-73.52457672,0,0,0,0,0,0,0,0,0,0,0,0,0,0,0,0,0,0,0,0,0,0,0,0
6228,Waverly / Van Horne,45.527363,-73.607723,0,0,0,0,0,0,0,0,0,0,0,0,0,0,0,0,0,0,0,0,0,0,0,0
6731,28e avenue / Rosemont,45.564353000000004,-73.571244,0,0,0,0,0,0,0,0,0,0,0,0,0,0,1,0,0,0,0,0,1,0,0,0
6109,Quai de la navette fluviale,45.51374144,-73.53838205,0,0,0,0,0,0,0,0,0,0,0,0,0,0,0,0,0,0,0,0,0,0,0,0
6504,La Ronde,45.52156537,-73.53533238,0,0,0,0,0,0,0,0,0,0,0,0,0,0,0,0,0,0,0,0,0,0,0,0
6212,de l'Esplanade / Duluth,45.51528827,-73.58124912,0,0,0,0,0,0,0,0,0,0,0,0,0,0,0,0,0,0,0,0,0,0,0,0
7021,Dollard / Van Horne,45.51915287,-73.6164692,0,0,0,0,0,0,0,0,0,0,0,0,0,0,0,0,0,0,0,0,0,0,0,0
6741,Canning / Notre-Dame,45.48631864,-73.57023329,0,0,0,0,0,0,0,0,0,0,0,0,0,0,0,0,0,0,0,0,0,0,0,0
7044,Hôpital Santa Cabrini (St-Zotique / Jeanne-Jugan),45.57932497,-73.57050419,0,0,0,0,0,0,0,0,0,0,0,0,0,0,0,0,0,0,0,0,0,0,0,0
6332,de Gaspé / de Liège,45.54248521,-73.63634169,0,0,0,0,0,1,0,0,0,0,0,0,0,0,0,0,0,0,0,0,0,0,0,0
6717,de Kent / Victoria,45.49456403,-73.63870203,0,0,0,0,0,0,0,0,0,0,0,0,0,0,0,0,0,0,0,0,0,0,0,0
6503,Métro Parc  (Ogilvy / Hutchison),45.5303513,-73.62439245,0,0,0,0,0,0,0,0,0,0,0,0,0,1,0,0,0,0,0,0,0,0,0,0
6121,du Havre / de Rouen,45.53456257,-73.55478646,0,0,0,0,0,0,0,0,0,0,0,0,0,0,0,0,1,0,0,0,0,0,0,0
6359,Ste-Catherine / Clark,45.50956874,-73.56413662,0,0,0,0,0,0,0,0,0,0,0,0,0,0,0,0,0,0,0,0,0,0,0,0
7013,Benny / Sherbrooke,45.464877,-73.62659723,0,0,0,0,0,0,0,0,0,0,0,0,0,0,0,0,0,0,0,0,0,0,0,0
6139,Gauthier/ Des Érables,45.532415,-73.564708,0,0,0,0,0,0,0,0,0,0,0,0,0,0,0,0,0,0,0,0,0,0,0,0
6022,Molson / William-Tremblay,45.54144718,-73.56500031,0,0,0,0,0,0,0,0,1,0,0,0,0,0,0,0,0,0,0,0,0,1,0,0
6088,Guy / Notre-Dame,45.489951,-73.567091,0,0,0,0,0,0,0,0,0,0,0,0,0,0,0,0,0,0,0,0,0,0,0,0
6194,Métro Atwater (Atwater / Ste-Catherine),45.48947623,-73.58456567,0,0,0,0,0,0,0,0,0,0,0,0,0,0,0,0,0,0,0,0,0,0,0,0
7051,Jogues / Allard,45.44990081,-73.60025119,0,0,0,0,0,0,0,0,0,0,0,0,0,0,0,0,0,0,0,0,0,0,0,0
6724,Square Sir-Georges-Étienne-Cartier / St-Ambroise,45.47248577,-73.58355045,0,0,0,0,0,0,0,0,0,0,0,0,0,0,0,0,0,0,0,0,0,0,0,0
6037,St-Nicolas / Place d'Youville,45.50196686,-73.55515257,0,0,0,0,0,0,0,0,0,0,0,0,0,0,0,0,0,0,0,0,0,0,0,0
6743,St-Marc / Sherbrooke,45.494514,-73.58336800000001,0,0,0,0,0,0,0,0,0,0,0,0,0,0,0,0,0,0,0,0,0,0,0,0
7014,Métro Université de Montréal,45.50363996,-73.61829042,0,0,0,0,0,0,0,0,0,0,0,0,0,0,0,0,0,0,0,0,0,0,0,0
6928,Jean-Brillant / McKenna,45.49876715,-73.61886978,0,0,0,0,0,0,0,0,0,0,0,0,0,0,0,0,0,0,0,0,0,0,0,0
6084,Duke / Brennan,45.49558135,-73.55371088,0,0,0,0,0,0,0,0,0,0,0,0,0,0,0,0,0,0,0,0,0,0,0,0
7082,Métro Lionel-Groulx (Atwater / Lionel-Groulx),45.48294127,-73.57974172,0,0,0,0,0,0,0,0,0,0,0,0,0,0,0,0,0,0,0,0,0,0,0,0
7034,Atwater / Greene,45.48049514,-73.57782662,0,0,0,0,0,0,0,0,0,0,0,0,0,0,0,0,0,0,0,0,0,0,0,0
